Dataset	Cell_type	NGENES	BETA	BETA_STD	SE	P	P.adj.pds	P.adj
DropViz_TH_level2	Neuron_Gad1Gad2_Gata3.3_6	15002	0.02878	0.078219	0.007324	4.2761e-05	0.002052528	0.024159965
DropViz_TH_level2	Neuron_Slc17a6_Rora_Atp2b4.2_1	15002	0.025269	0.067763	0.0077376	0.0005473	0.0262704	0.3092245
DropViz_TH_level2	Neuron_Slc17a6_Rora_Nptxr.2_2	15002	0.024828	0.066186	0.008107	0.0010993	0.0527664	0.6211045
DropViz_TH_level2	Neuron_Slc17a6_Rora_Fgf10.2_6	15002	0.022391	0.059754	0.0075602	0.0015327	0.0735696	0.8659755
DropViz_TH_level2	Neuron_Slc17a6_Rora_Cacng4.2_10	15002	0.022619	0.060407	0.0078245	0.0019239	0.0923472	1
DropViz_TH_level2	Neuron_Slc17a6-Gad1Gad2_Asb4.3_7	15002	0.019297	0.053202	0.0069645	0.0027994	0.1343712	1
DropViz_TH_level2	Neuron_Slc17a6_Rora_Calca.2_3	15002	0.021752	0.058609	0.0078536	0.0028094	0.1348512	1
DropViz_TH_level2	Neuron_Slc17a6_Rora_Nrp2.2_4	15002	0.022206	0.059981	0.0080652	0.0029536	0.1417728	1
DropViz_TH_level2	Neuron_Slc17a6_Rora_Cbln2.2_8	15002	0.02062	0.055231	0.0078041	0.0041235	0.197928	1
DropViz_TH_level2	Neuron_Gad1Gad2_Col25a1.3_8	15002	0.02008	0.052505	0.008158	0.0069251	0.3324048	1
DropViz_TH_level2	Neuron_Slc17a7_Tac2_Wif1.1_3	15002	0.015515	0.043621	0.0063038	0.0069301	0.3326448	1
DropViz_TH_level2	Neuron_Slc17a6_Nrgn.3_9	15002	0.016519	0.043873	0.0069846	0.0090206	0.4329888	1
DropViz_TH_level2	Neuron_Slc17a6_Ebf1.3_10	15002	0.016882	0.045544	0.0071748	0.0093205	0.447384	1
DropViz_TH_level2	Neuron_Slc17a7_Tac2_Syt15.1_2	15002	0.013585	0.038612	0.0060416	0.012281	0.589488	1
DropViz_TH_level2	Neuron_Slc17a6_Rora_Pvalb.2_11	15002	0.017329	0.046663	0.0077406	0.012593	0.604464	1
DropViz_TH_level2	Neuron_Slc17a6_Rora_Lrrtm2.2_9	15002	0.014403	0.038506	0.006561	0.014081	0.675888	1
DropViz_TH_level2	Neuron_Gad1Gad2_Ttn.3_11	15002	0.012564	0.03546	0.0057414	0.014331	0.687888	1
DropViz_TH_level2	Neuron_Slc17a6_Rora_C1ql2.2_5	15002	0.014194	0.038679	0.0069204	0.020138	0.966624	1
DropViz_TH_level2	Neuron_Gad1Gad2_Six3-Adcy1.3_1	15002	0.014686	0.038516	0.0072515	0.021431	1	1
DropViz_TH_level2	Neuron_Gad1Gad2_Six3-Sst.3_2	15002	0.014225	0.039324	0.0074044	0.027368	1	1
DropViz_TH_level2	Neuron_Gad1Gad2_Pou6f2-Pax6.3_3	15002	0.015283	0.040838	0.0081299	0.030073	1	1
DropViz_TH_level2	Neuron_Slc17a6_Rora_Lypd6.2_7	15002	0.012708	0.034029	0.0072462	0.039745	1	1
DropViz_TH_level2	Neuron_Gad1Gad2_Chrnb3.3_5	15002	0.010308	0.029143	0.006778	0.064164	1	1
DropViz_TH_level2	Neuron_Slc17a6_Pitx2.3_4	15002	0.0093877	0.026194	0.006898	0.086778	1	1
DropViz_TH_level2	Neuron_Slc17a7_Tac2_Chat.1_1	15002	0.0076025	0.021913	0.0058285	0.096066	1	1
DropViz_TH_level2	Oligodendrocyte_Trf_Ndrg2.9_1	15002	0.0028644	0.0073185	0.0050711	0.28609	1	1
DropViz_TH_level2	Neuron_Slc17a7_Tac2_Htr2c.1_4	15002	0.0021609	0.0067624	0.003939	0.29165	1	1
DropViz_TH_level2	Oligodendrocyte_Trf_Ctps.8_3	15002	-0.00097157	-0.0025894	0.0059737	0.5646	1	1
DropViz_TH_level2	Oligodendrocyte_Trf_Klk6.8_1	15002	-0.00099505	-0.0026554	0.0056231	0.57023	1	1
DropViz_TH_level2	Oligodendrocyte_Trf_Il33.8_2	15002	-0.0017504	-0.0045981	0.0064571	0.60684	1	1
DropViz_TH_level2	Oligodendrocyte_Trf_Ndrg2.8_4	15002	-0.0025709	-0.0067968	0.0061466	0.66212	1	1
DropViz_TH_level2	Astrocyte_Gja1_Vegfa.11_2	15002	-0.0038192	-0.0095361	0.0061468	0.7328	1	1
DropViz_TH_level2	Ependymal_Ccdc153.10_1	15002	-0.003719	-0.009825	0.004445	0.7986	1	1
DropViz_TH_level2	Microglia_C1qb_Tmem119.7_2	15002	-0.0040483	-0.011376	0.0046385	0.80859	1	1
DropViz_TH_level2	Polydendrocyte_Tnr_Pdgfa.12_1	15002	-0.0049484	-0.014044	0.0049639	0.84058	1	1
DropViz_TH_level2	Macrophage_C1qb_Mrc1.7_1	15002	-0.0047466	-0.013673	0.0038025	0.89403	1	1
DropViz_TH_level2	Polydendrocyte_Tnr_Cspg5.12_4	15002	-0.0064994	-0.019495	0.0043617	0.93189	1	1
DropViz_TH_level2	Polydendrocyte_Tnr_Bmp4.12_3	15002	-0.0090279	-0.025358	0.0056486	0.94499	1	1
DropViz_TH_level2	Astrocyte_Gja1_Myoc.11_1	15002	-0.0079963	-0.022939	0.0042217	0.97088	1	1
DropViz_TH_level2	Polydendrocyte_Tnr_Ctps.12_2	15002	-0.010996	-0.030531	0.0049904	0.98621	1	1
DropViz_TH_level2	Endothelial_Stalk_Flt1_Pi16.4_2	15002	-0.0070534	-0.022197	0.0028905	0.99265	1	1
DropViz_TH_level2	Endothelial_Tip_Dcn_Nenf.6_2	15002	-0.011397	-0.032406	0.0039295	0.99813	1	1
DropViz_TH_level2	Mural_Rgs5Acta2_Car4.5_2	15002	-0.014916	-0.039791	0.0051017	0.99827	1	1
DropViz_TH_level2	Endothelial_Stalk_Flt1_Vwf.4_4	15002	-0.013274	-0.036937	0.0045139	0.99836	1	1
DropViz_TH_level2	Endothelial_Tip_Dcn.6_1	15002	-0.014289	-0.039889	0.0042932	0.99956	1	1
DropViz_TH_level2	Mural_Rgs5Acta2_Cnn1.5_1	15002	-0.016378	-0.043819	0.0048339	0.99965	1	1
DropViz_TH_level2	Endothelial_Stalk_Flt1_Car4.4_3	15002	-0.017043	-0.046236	0.0049647	0.9997	1	1
DropViz_TH_level2	Endothelial_Stalk_Flt1_Gkn3.4_1	15002	-0.018949	-0.051506	0.0048571	0.99995	1	1
DropViz_STR_level2	Neuron_Gad1Gad2_Adora2a-Nefm.11_1	15002	0.033037	0.091747	0.008137	2.4658e-05	0.001282216	0.01393177
DropViz_STR_level2	Neuron_Gad1Gad2_Adora2a-Nnat.11_2	15002	0.034343	0.095387	0.0085766	3.127e-05	0.00162604	0.01766755
DropViz_STR_level2	Neuron_Gad1Gad2_Drd1-Otof-Sorcs1.13_2	15002	0.028148	0.079155	0.0070834	3.5538e-05	0.001847976	0.02007897
DropViz_STR_level2	Neuron_Gad1Gad2_Adora2a-Fos.11_3	15002	0.030841	0.0866	0.0077746	3.6591e-05	0.001902732	0.020673915
DropViz_STR_level2	Neuron_Gad1Gad2_Drd1-Lypd1.10_2	15002	0.032181	0.089635	0.0083454	5.7865e-05	0.00300898	0.032693725
DropViz_STR_level2	Neuron_Gad1Gad2_Drd1-Nefm.10_4	15002	0.030189	0.083995	0.0080546	8.9473e-05	0.004652596	0.050552245
DropViz_STR_level2	Neuron_Gad1Gad2_Drd1-Cxcl14.10_5	15002	0.027168	0.076447	0.0072579	9.12e-05	0.0047424	0.051528
DropViz_STR_level2	Neuron_Gad1Gad2_Adora2a-Otof.13_4	15002	0.02487	0.070363	0.0068917	0.00015447	0.00803244	0.08727555
DropViz_STR_level2	Neuron_Gad1Gad2_Drd1-Tpbg.13_1	15002	0.027062	0.076194	0.0076559	0.00020477	0.01064804	0.11569505
DropViz_STR_level2	Neuron_Gad1Gad2_Drd1-Otof-Lmo2.13_3	15002	0.022092	0.062803	0.0069898	0.00078887	0.04102124	0.44571155
DropViz_STR_level2	Neuron_Gad1Gad2_Drd1-Fos.10_1	15002	0.02379	0.066652	0.0078211	0.0011781	0.0612612	0.6656265
DropViz_STR_level2	Neuron_Gad1Gad2_Adora2a-Th.13_5	15002	0.016093	0.04715	0.0060992	0.0041684	0.2167568	1
DropViz_STR_level2	Neuron_Gad1Gad2_Drd1-Pde1a.10_3	15002	0.020891	0.058496	0.0081728	0.0052959	0.2753868	1
DropViz_STR_level2	Neuron_Gad1Gad2_Pvalb-Rgs12.14_3	15002	0.014615	0.041702	0.006029	0.0076788	0.3992976	1
DropViz_STR_level2	Neuron_Gad1Gad2-Th_Trh.14_4	15002	0.014031	0.040037	0.0059799	0.0094849	0.4932148	1
DropViz_STR_level2	Neuron_Slc17a7_Dkk3.13_8	15002	0.0090711	0.028239	0.003992	0.011541	0.600132	1
DropViz_STR_level2	Neuron_Gad1Gad2_Pvalb_Pvalb-Megf11.14_1	15002	0.015478	0.043024	0.0069445	0.012922	0.671944	1
DropViz_STR_level2	Neuron_Slc17a6_Oprk1.13_6	15002	0.0069863	0.022576	0.0032953	0.017008	0.884416	1
DropViz_STR_level2	Neuron_Gad1Gad2_Sgol2a.13_11	15002	0.0042237	0.013159	0.0028173	0.066924	1	1
DropViz_STR_level2	Neuron_Gad1Gad2_Chodl.15_1	15002	0.010406	0.028465	0.0071956	0.074072	1	1
DropViz_STR_level2	Neuron_Gad1Gad2-Chat-Slc17a8_Chat.12_1	15002	0.0076542	0.021326	0.0064621	0.11812	1	1
DropViz_STR_level2	Neuron_Gad1Gad2_Drd1-Nfib.13_10	15002	0.0055653	0.016804	0.0049063	0.12834	1	1
DropViz_STR_level2	Neuron_Gad1Gad2_Pnoc.14_2	15002	0.0043965	0.013576	0.0041772	0.1463	1	1
DropViz_STR_level2	Macrophage_C1qb_Mrc1.6_1	15002	0.0028085	0.0085687	0.0030875	0.18151	1	1
DropViz_STR_level2	Neuron_Gad1Gad2_Resp18.13_9	15002	0.0056212	0.015927	0.0068773	0.20687	1	1
DropViz_STR_level2	Neuron_Slc17a7_Cplx3.13_7	15002	0.00094639	0.0028319	0.0048678	0.42293	1	1
DropViz_STR_level2	Microglia_C1qb_Tmem119.6_2	15002	-0.00053298	-0.0014313	0.005059	0.54195	1	1
DropViz_STR_level2	Oligodendrocyte_Trf_Il33.3_2	15002	-0.001288	-0.0034033	0.006465	0.57896	1	1
DropViz_STR_level2	Polydendrocye_Tnr_Ctps.5_4	15002	-0.0013644	-0.0040865	0.0033638	0.65748	1	1
DropViz_STR_level2	Oligodendrocyte_Trf_Ctps.3_3	15002	-0.0022423	-0.0060758	0.0054849	0.65866	1	1
DropViz_STR_level2	Astrocyte_Gja1_Notum.4_3	15002	-0.00434	-0.011917	0.0052143	0.79738	1	1
DropViz_STR_level2	Oligodendrocyte_Trf_Klk6.3_1	15002	-0.0048065	-0.012963	0.0055959	0.8048	1	1
DropViz_STR_level2	Polydendrocye_Tnr_Pdgfa.5_3	15002	-0.0050206	-0.014591	0.004632	0.86078	1	1
DropViz_STR_level2	Polydendrocye_Tnr_Cspg5.5_1	15002	-0.0066411	-0.018437	0.0061052	0.86164	1	1
DropViz_STR_level2	Neurogenesis_Sox4_Stmn2.2_2	15002	-0.0059948	-0.01784	0.0044412	0.91145	1	1
DropViz_STR_level2	Polydendrocye_Tnr_Bmp4.5_2	15002	-0.0074502	-0.021728	0.0049676	0.93315	1	1
DropViz_STR_level2	Mural_Rgs5Acta2_Col3a1.8_5	15002	-0.0047739	-0.015002	0.0030685	0.94011	1	1
DropViz_STR_level2	Neurogenesis_Sox4_Ung.2_1	15002	-0.0088126	-0.025264	0.0050023	0.96093	1	1
DropViz_STR_level2	Astrocyte_Gja1_Sparc-Car2.4_2	15002	-0.010691	-0.028045	0.0059092	0.96478	1	1
DropViz_STR_level2	Mural_Rgs5Acta2_Kcnj8.8_4	15002	-0.0075672	-0.022748	0.00379	0.97706	1	1
DropViz_STR_level2	Mural_Rgs5Acta2_Olfr558.8_1	15002	-0.0082728	-0.024008	0.0040923	0.97838	1	1
DropViz_STR_level2	Ependyma_Ccdc153_Ccdc153.1_1	15002	-0.0097002	-0.025429	0.0047681	0.97903	1	1
DropViz_STR_level2	Neurogenesis_Sox4_Stmn2-Csrp2.2_4	15002	-0.0087178	-0.026012	0.0041339	0.98251	1	1
DropViz_STR_level2	Neurogenesis_Sox4_Hist1h2al.2_5	15002	-0.010992	-0.031033	0.0050054	0.98594	1	1
DropViz_STR_level2	Neurogenesis_Sox4_Notum.2_6	15002	-0.0092053	-0.027794	0.0039872	0.98951	1	1
DropViz_STR_level2	Astrocyte_Gja1_Htra1.4_1	15002	-0.014362	-0.037473	0.0059439	0.99215	1	1
DropViz_STR_level2	Endothelial_Tip_Dcn.9_1	15002	-0.013093	-0.036683	0.0049552	0.99588	1	1
DropViz_STR_level2	Neurogenesis_Sox4_Tuba1c.2_3	15002	-0.012675	-0.03624	0.004721	0.99637	1	1
DropViz_STR_level2	Endothelial_Stalk_Flt1_Gkn3.7_2	15002	-0.014322	-0.039738	0.0046533	0.99896	1	1
DropViz_STR_level2	Mural_Rgs5Acta2_Cnn1.8_2	15002	-0.01159	-0.034201	0.0036801	0.99918	1	1
DropViz_STR_level2	Mural_Rgs5Acta2_Ccnd1.8_3	15002	-0.013621	-0.039344	0.0042396	0.99934	1	1
DropViz_STR_level2	Endothelial_Stalk_Flt1_Car4.7_1	15002	-0.018285	-0.049915	0.0050094	0.99987	1	1
DropViz_SN_level2	Neuron_Gad1Gad2_Gad2.3_3	15002	0.029538	0.078552	0.0083554	0.00020438	0.01205842	0.1154747
DropViz_SN_level2	Neuron_Gad1Gad2_Sema3e.3_13	15002	0.025413	0.068399	0.0075223	0.00036553	0.02156627	0.20652445
DropViz_SN_level2	Neuron_Slc17a6_Cacna2d1.3_10	15002	0.024952	0.065698	0.0079713	0.00087532	0.05164388	0.4945558
DropViz_SN_level2	Neuron_Slc17a6.2_1	15002	0.019622	0.054787	0.0063704	0.0010364	0.0611476	0.585566
DropViz_SN_level2	Neuron_Slc17a6-Gad2-Th_Crhbp.3_7	15002	0.02019	0.056361	0.0065713	0.0010638	0.0627642	0.601047
DropViz_SN_level2	Neuron_Gad1Gad2_Tmem132c.3_19	15002	0.016899	0.04761	0.0057369	0.0016135	0.0951965	0.9116275
DropViz_SN_level2	Neuron_Th_Cbln1.4_2	15002	0.015027	0.043781	0.0051081	0.0016345	0.0964355	0.9234925
DropViz_SN_level2	Neuron_Gad1Gad2_Pax5.3_18	15002	0.020592	0.055041	0.0073814	0.0026416	0.1558544	1
DropViz_SN_level2	Neuron_Slc17a6_Nkx6-1.3_12	15002	0.019685	0.05372	0.0072666	0.0033793	0.1993787	1
DropViz_SN_level2	Neuron_Gad1Gad2_Ndnf.3_4	15002	0.013408	0.039585	0.0051184	0.004406	0.259954	1
DropViz_SN_level2	Neuron_Th_Aldh1a1.4_8	15002	0.016852	0.04643	0.0066699	0.005764	0.340076	1
DropViz_SN_level2	Neuron_Slc17a6_C1ql2.3_15	15002	0.018573	0.04974	0.0073511	0.005766	0.340194	1
DropViz_SN_level2	Neuron_Slc17a6_Nts.3_9	15002	0.01439	0.040327	0.0061091	0.0092571	0.5461689	1
DropViz_SN_level2	Neuron_Gad1Gad2_Ttn.3_14	15002	0.017518	0.047853	0.0074999	0.0097568	0.5756512	1
DropViz_SN_level2	Neuron_Slc17a6_Tcf4.3_6	15002	0.014276	0.039433	0.0066224	0.015559	0.917981	1
DropViz_SN_level2	Neuron_Gad1Gad2_Gad2-Kcnc3.3_16	15002	0.012793	0.035269	0.0060162	0.016743	0.987837	1
DropViz_SN_level2	Neuron_Gad1Gad2_Sema3e-Kcng4.3_17	15002	0.010979	0.030899	0.0051888	0.017188	1	1
DropViz_SN_level2	Neuron_Th_Nefl.4_7	15002	0.012222	0.03389	0.0063113	0.026409	1	1
DropViz_SN_level2	Neuron_Slc17a6_Shox2.3_11	15002	0.012203	0.033539	0.0065313	0.03087	1	1
DropViz_SN_level2	Neuron_Th_Grin2c.4_9	15002	0.012451	0.034154	0.0067442	0.032446	1	1
DropViz_SN_level2	Neuron_Th_Cyp26b1.4_3	15002	0.011423	0.032026	0.0063439	0.035895	1	1
DropViz_SN_level2	Neuron_Slc17a7_C1ql3.1_1	15002	0.0069892	0.02124	0.0042449	0.049842	1	1
DropViz_SN_level2	Neuron_Th-Slc17a6-Lpl.4_1	15002	0.0096633	0.026879	0.0063933	0.065346	1	1
DropViz_SN_level2	Neuron_Th_Vcan.4_5	15002	0.0096513	0.026868	0.0064152	0.066245	1	1
DropViz_SN_level2	Neuron_Gad1Gad2_Gad2-Fos.3_8	15002	0.0075048	0.022007	0.0049935	0.066441	1	1
DropViz_SN_level2	Neuron_Gad1Gad2_Nfib-Satb1.3_1	15002	0.0095098	0.026622	0.0063337	0.06663	1	1
DropViz_SN_level2	Neuron_Th_C1ql3.4_4	15002	0.0068056	0.019517	0.005587	0.1116	1	1
DropViz_SN_level2	Neuron_Gad1Gad2_Otx2-Chrna3.3_2	15002	0.0063338	0.018587	0.0054515	0.12266	1	1
DropViz_SN_level2	Neuron_Gad1Gad2_Rln3.3_5	15002	0.0038517	0.011684	0.004358	0.18841	1	1
DropViz_SN_level2	Oligodendrocyte_Tfr_Ctps.10_5	15002	0.0046113	0.01223	0.0059812	0.22037	1	1
DropViz_SN_level2	Oligodendrocyte_Tfr_Plin3.10_2	15002	0.0030509	0.0080936	0.0057765	0.2987	1	1
DropViz_SN_level2	Oligodendrocyte_Tfr_Slco3a1.10_1	15002	0.0029937	0.0078405	0.006363	0.31901	1	1
DropViz_SN_level2	Polydendrocyte_Tnr_Bmp4.5_1	15002	0.0019252	0.005554	0.0049844	0.34966	1	1
DropViz_SN_level2	Oligodendrocyte_Tfr_Ndrg2.10_3	15002	0.0020423	0.005359	0.006176	0.37044	1	1
DropViz_SN_level2	Oligodendrocyte_Tfr_Il33.10_4	15002	0.0013354	0.0034872	0.0064545	0.41805	1	1
DropViz_SN_level2	Astrocyte_Gja1_Igfbp2.7_3	15002	-0.00037315	-0.0011151	0.0030554	0.5486	1	1
DropViz_SN_level2	Microglia_C1qb_Tmem119.9_2	15002	-0.00052476	-0.0016198	0.0027826	0.57479	1	1
DropViz_SN_level2	Macrophage_C1qb_Mrc1.9_1	15002	-0.00079322	-0.0022837	0.0039735	0.57911	1	1
DropViz_SN_level2	Neuron_Th_Cadm2.4_6	15002	-0.0011691	-0.0035707	0.0032093	0.64218	1	1
DropViz_SN_level2	Ependyma_Ccdc153.8_1	15002	-0.0016928	-0.0052569	0.002991	0.71429	1	1
DropViz_SN_level2	Polydendrocyte_Tnr_Cspg5-Dad1.6_2	15002	-0.0041711	-0.012165	0.0050357	0.79625	1	1
DropViz_SN_level2	Polydendrocyte_Tnr_Tmem2.5_2	15002	-0.0048608	-0.01366	0.0050928	0.83006	1	1
DropViz_SN_level2	Oligodendrocyte_Tnr_Rps24.11_1	15002	-0.0050353	-0.012897	0.0050471	0.84077	1	1
DropViz_SN_level2	Astrocyte_Gja1_Myoc.7_1	15002	-0.0052253	-0.014477	0.0048489	0.85939	1	1
DropViz_SN_level2	Polydendrocyte_Tnr_Opalin.5_3	15002	-0.00624	-0.017345	0.0049733	0.89519	1	1
DropViz_SN_level2	Astrocyte_Gja1_Cst3.7_2	15002	-0.0078113	-0.02024	0.0061334	0.89858	1	1
DropViz_SN_level2	Polydendrocyte_Tnr_Cspg5.6_1	15002	-0.0058733	-0.018315	0.0034501	0.95564	1	1
DropViz_SN_level2	Endothelial_Tip_Dcn_Ifitm1.14_2	15002	-0.0076499	-0.021477	0.0038938	0.97526	1	1
DropViz_SN_level2	Endothelial_Tip_Dcn_Mgp.14_1	15002	-0.009639	-0.027267	0.0040413	0.99146	1	1
DropViz_SN_level2	Mural_Rgs5Acta2_Kcnj8.13_2	15002	-0.0076906	-0.023814	0.0030328	0.99439	1	1
DropViz_SN_level2	Endothelial_Stalk_Flt1_Gkn3.12_2	15002	-0.0098372	-0.029085	0.0038432	0.99476	1	1
DropViz_SN_level2	Endothelial_Stalk_Flt1_Vwf.12_4	15002	-0.012218	-0.033784	0.0046155	0.99594	1	1
DropViz_SN_level2	Endothelial_Stalk_Flt1_Car4.12_3	15002	-0.013401	-0.03655	0.0048666	0.99705	1	1
DropViz_SN_level2	Mural_Rgs5Acta2_Fos.13_5	15002	-0.010761	-0.031083	0.0037124	0.99812	1	1
DropViz_SN_level2	Endothelial_Tip_Dcn_Alcam.14_3	15002	-0.0080445	-0.023892	0.0027376	0.99835	1	1
DropViz_SN_level2	Mural_Rgs5Acta2_Cd9.13_3	15002	-0.014169	-0.038243	0.0047665	0.99852	1	1
DropViz_SN_level2	Mural_Rgs5Acta2_Cbr2.13_4	15002	-0.013346	-0.037402	0.0041107	0.99941	1	1
DropViz_SN_level2	Endothelial_Stalk_Flt1_Cdkn1c.12_1	15002	-0.016685	-0.045446	0.0048085	0.99974	1	1
DropViz_SN_level2	Mural_Rgs5Acta2_Rgs5.13_1	15002	-0.01709	-0.047113	0.0046238	0.99989	1	1
DropViz_PC_level2	Neuron_Sc17a7_Rorb-BC006965.2_9	15002	0.050242	0.13875	0.01099	2.44e-06	0.00022692	0.0013786
DropViz_PC_level2	Neuron_Sc17a7_Fermt1.2_12	15002	0.04382	0.1207	0.010069	6.788e-06	0.000631284	0.00383522
DropViz_PC_level2	Neuron_Slc17a7-Slc17a6_Rorb-Pcdh20.2_10	15002	0.046873	0.12941	0.011064	1.1417e-05	0.001061781	0.006450605
DropViz_PC_level2	Neuron_Sc17a7_Rorb-Gpr83.2_11	15002	0.047752	0.13146	0.011554	1.8e-05	0.001674	0.01017
DropViz_PC_level2	Neuron_Slc17a7-Slc17a6_Calb1-Rorb-Il1rapl2.2_13	15002	0.046817	0.12889	0.011864	3.9888e-05	0.003709584	0.02253672
DropViz_PC_level2	Neuron_Slc17a7_Syt6-Nefm.1_8	15002	0.040203	0.11143	0.010846	0.00010542	0.00980406	0.0595623
DropViz_PC_level2	Neuron_Sc17a7_Sema3e-Onecut2.2_18	15002	0.039541	0.10921	0.010762	0.00011979	0.01114047	0.06768135
DropViz_PC_level2	Neuron_Slc17a7_Syt6-Sla.1_4	15002	0.040087	0.11111	0.011028	0.00013957	0.01298001	0.07885705
DropViz_PC_level2	Neuron_Sc17a7_Calb1-Lpl.2_5	15002	0.039554	0.10821	0.010913	0.00014518	0.01350174	0.0820267
DropViz_PC_level2	Neuron_Sc17a7_Calb1-Ddit4l.2_1	15002	0.037328	0.10223	0.010681	0.00023781	0.02211633	0.13436265
DropViz_PC_level2	Neuron_Slc17a7_Syt6-Fos.1_9	15002	0.033851	0.094612	0.010113	0.0004089	0.0380277	0.2310285
DropViz_PC_level2	Neuron_Slc17a7-Slc17a6_Tshz2.2_14	15002	0.039566	0.10903	0.011862	0.00042676	0.03968868	0.2411194
DropViz_PC_level2	Neuron_Sc17a7_Calb1-Fos.2_4	15002	0.032051	0.088442	0.0096821	0.00046717	0.04344681	0.26395105
DropViz_PC_level2	Neuron_Sc17a7_Calb1-Tshz2.2_2	15002	0.036598	0.10117	0.011252	0.0005731	0.0532983	0.3238015
DropViz_PC_level2	Neuron_Sc17a7_Calb1-Lpl-Penk.2_7	15002	0.031391	0.08638	0.0096884	0.00059899	0.05570607	0.33842935
DropViz_PC_level2	Neuron_Slc17a7_Bcl6-Tcerg1l.3_4	15002	0.033699	0.093296	0.010652	0.00078077	0.07261161	0.44113505
DropViz_PC_level2	Neuron_Gad1Gad2_Pvalb-Nefm.5_2	15002	0.025271	0.068979	0.0080211	0.0008165	0.0759345	0.4613225
DropViz_PC_level2	Neuron_Slc17a7_Syt6-Tshz2-Nrep.1_3	15002	0.031898	0.08889	0.010253	0.00093384	0.08684712	0.5276196
DropViz_PC_level2	Neuron_Sc17a7_Sema3e-Nnat.2_17	15002	0.035352	0.097434	0.011517	0.001074	0.099882	0.60681
DropViz_PC_level2	Neuron_Slc17a7_Syt6-Tox.1_7	15002	0.031628	0.088412	0.010521	0.0013254	0.1232622	0.748851
DropViz_PC_level2	Neuron_Sc17a7_Calb1-Otof.2_6	15002	0.02931	0.080143	0.01009	0.0018403	0.1711479	1
DropViz_PC_level2	Neuron_Slc17a7_Bcl6-Cbln1.3_1	15002	0.026772	0.074442	0.00948	0.0023742	0.2208006	1
DropViz_PC_level2	Neuron_Slc17a7_Bcl6-Npnt.3_10	15002	0.025665	0.071683	0.0093216	0.0029533	0.2746569	1
DropViz_PC_level2	Neuron_Slc17a7_Syt6-Nnat.1_5	15002	0.022494	0.063947	0.0081781	0.0029793	0.2770749	1
DropViz_PC_level2	Neuron_Gad1Gad2-Th_Nr4a2.5_4	15002	0.011561	0.035075	0.0045143	0.0052259	0.4860087	1
DropViz_PC_level2	Neuron_Slc17a7_Bcl6-Dditl.3_2	15002	0.023532	0.065972	0.0092487	0.0054789	0.5095377	1
DropViz_PC_level2	Neuron_Sc17a7_Oprk1.2_15	15002	0.020713	0.057793	0.0083293	0.0064515	0.5999895	1
DropViz_PC_level2	Neuron_Sc17a7_Crym.2_16	15002	0.026038	0.071238	0.010517	0.0066529	0.6187197	1
DropViz_PC_level2	Neuron_Slc17a7_Syt6-Slc24a2.1_6	15002	0.014384	0.041633	0.0059923	0.0081958	0.7622094	1
DropViz_PC_level2	Neuron_Slc17a7_Bcl6-Pvalb.3_9	15002	0.021728	0.060209	0.009061	0.0082502	0.7672686	1
DropViz_PC_level2	Neuron_Slc17a7_Bcl6-C1ql2.3_3	15002	0.022457	0.062384	0.0097886	0.010896	1	1
DropViz_PC_level2	Neuron_Gad1Gad2-Chat_Synpr-Slc5a7.4_8	15002	0.018102	0.050481	0.0081077	0.012794	1	1
DropViz_PC_level2	Neuron_Gad1Gad2_Pvalb-Cartpt.5_3	15002	0.017536	0.048228	0.0081662	0.01589	1	1
DropViz_PC_level2	Neuron_Slc17a7-Slc17a6_Tshz2-Npnt.6_6	15002	0.023396	0.064632	0.011088	0.017438	1	1
DropViz_PC_level2	Neuron_Slc17a7_Syt6-Cplx3.1_1	15002	0.018161	0.050939	0.0089313	0.021014	1	1
DropViz_PC_level2	Neuron_Gad1Gad2_Synpr-Pcdh11x.4_9	15002	0.015914	0.044505	0.0078982	0.02197	1	1
DropViz_PC_level2	Neuron_Slc17a7_Bcl6-Fos.3_5	15002	0.018756	0.052153	0.009374	0.022715	1	1
DropViz_PC_level2	Neuron_Slc17a7-Slc17a6_Tshz2-Cabp7.6_5	15002	0.01997	0.05509	0.010337	0.026699	1	1
DropViz_PC_level2	Neuron_Sc17a7_Calb1-Lpl-Cadm2.2_8	15002	0.011717	0.033446	0.0060653	0.026704	1	1
DropViz_PC_level2	Neuron_Slc17a7-Slc17a6_Tshz2-Prlr.6_7	15002	0.016319	0.046052	0.0087787	0.031532	1	1
DropViz_PC_level2	Neuron_Sc17a7_Tshz2-Smoc1.2_3	15002	0.015671	0.043904	0.0091157	0.042804	1	1
DropViz_PC_level2	Neuron_Slc17a7_Bcl6-Tshz2-Syt2.3_8	15002	0.014196	0.039524	0.0085238	0.047926	1	1
DropViz_PC_level2	Neuron_Gad1Gad2_Cplx3-Egln3.4_3	15002	0.011046	0.031511	0.0074722	0.06967	1	1
DropViz_PC_level2	Neuron_Slc17a7-Slc17a8_Syt6-Lancl3.1_2	15002	0.0062066	0.018472	0.0055496	0.13171	1	1
DropViz_PC_level2	Neuron_Slc17a7-Slc17a6_Tshz2-Fos.6_2	15002	0.0056291	0.017066	0.0052328	0.14103	1	1
DropViz_PC_level2	Neuron_Slc17a7-Slc17a8_Fezf2-Slc17a8.7_1	15002	0.0082693	0.023272	0.008828	0.17446	1	1
DropViz_PC_level2	Neuron_Slc17a7_Bcl6-Ndst4.3_6	15002	0.0039969	0.012183	0.0045843	0.19165	1	1
DropViz_PC_level2	Neuron_Gad1Gad2_Sst-Pdyn.5_6	15002	0.0068558	0.018798	0.0080905	0.1984	1	1
DropViz_PC_level2	Neuron_Slc17a7_Bcl6-Ptgfr.3_7	15002	0.0025928	0.0082015	0.0036993	0.24169	1	1
DropViz_PC_level2	Neuron_Gad1Gad2_Cplx3-Npy.4_2	15002	0.0051626	0.014518	0.0077078	0.2515	1	1
DropViz_PC_level2	Neuron_Slc17a7-Slc17a6_Tshz2-Nnat.6_4	15002	0.0041836	0.012207	0.0066098	0.26339	1	1
DropViz_PC_level2	Neuron_Slc17a7-Slc17a6_Fezf2-3110035E14Rik.7_3	15002	0.0044987	0.012891	0.0076211	0.2775	1	1
DropViz_PC_level2	Neuron_Gad1Gad2_Pvalb-Unc5b.5_1	15002	0.0023641	0.0072602	0.0041857	0.2861	1	1
DropViz_PC_level2	Neuron_Gad1Gad2_Cplx3-Reln.4_1	15002	0.0045154	0.012562	0.0087544	0.303	1	1
DropViz_PC_level2	Neuron_Slc17a7-Slc17a6_Tshz2-Rasd1.6_3	15002	0.0042248	0.012037	0.0085397	0.3104	1	1
DropViz_PC_level2	Neuron_Slc17a7-Slc17a6_Shisa8.6_1	15002	0.0048885	0.013489	0.010977	0.32804	1	1
DropViz_PC_level2	Neuron_Gad1Gad2-Slc17a8_Synpr-Sncg-Yjefn3.4_4	15002	0.0027397	0.0078497	0.0062942	0.33168	1	1
DropViz_PC_level2	Neuron_Gad1Gad2_Sst-Nr2f2.5_7	15002	0.0020614	0.0060856	0.0053701	0.35054	1	1
DropViz_PC_level2	Neuron_Gad1Gad2_Synpr-Sncg.4_5	15002	0.00042239	0.0012231	0.0062111	0.47289	1	1
DropViz_PC_level2	Neuron_Slc17a7-Slc17a6_Fezf2-Htr2c.7_2	15002	-0.00017877	-0.00049727	0.0092571	0.5077	1	1
DropViz_PC_level2	Neuron_Gad1Gad2_Sst-Crh.5_5	15002	-0.00050924	-0.0014332	0.0071589	0.52835	1	1
DropViz_PC_level2	Neuron_Gad1Gad2_Synpr-Nnat.4_6	15002	-0.0008261	-0.0024955	0.0050601	0.56484	1	1
DropViz_PC_level2	Oligodendrocyte_Tfr_Ctps.9_1	15002	-0.0020953	-0.0056031	0.0054663	0.64925	1	1
DropViz_PC_level2	Microglia_C1qb_Tmem119.11_1	15002	-0.0023517	-0.0063043	0.005694	0.6602	1	1
DropViz_PC_level2	Microglia_C1qb_Tmem119-Junb.11_4	15002	-0.0013406	-0.0037668	0.002632	0.69474	1	1
DropViz_PC_level2	Oligodendrocyte_Tfr_Sez6.9_5	15002	-0.0031474	-0.0086489	0.0050855	0.732	1	1
DropViz_PC_level2	Oligodendrocyte_Tfr_Il33.9_4	15002	-0.0054081	-0.014377	0.0058484	0.82244	1	1
DropViz_PC_level2	Neuron_Gad1Gad2_Synpr-Crispld2.4_7	15002	-0.0070795	-0.020185	0.0065585	0.85979	1	1
DropViz_PC_level2	Microglia_C1qb_Tmem119-Fos.11_3	15002	-0.0029867	-0.0090605	0.0025869	0.87585	1	1
DropViz_PC_level2	Oligodendrocyte_Tfr_Klk6.9_3	15002	-0.0062732	-0.017109	0.0051303	0.88928	1	1
DropViz_PC_level2	Macrophage_C1qb_Mrc1.11_2	15002	-0.0051963	-0.014938	0.004021	0.90187	1	1
DropViz_PC_level2	Astrocyte_Gja1_Sparc.8_3	15002	-0.0075858	-0.020082	0.0054599	0.91763	1	1
DropViz_PC_level2	Polydendrocyte_Tnr_Lims2-Tmsb4x.10_4	15002	-0.0067968	-0.020258	0.0045096	0.93411	1	1
DropViz_PC_level2	Mural_Acta2Rgs5_Fos.13_2	15002	-0.004441	-0.01371	0.0028419	0.94092	1	1
DropViz_PC_level2	Polydendrocyte_Tnr_Cspg5.10_1	15002	-0.0097433	-0.026932	0.0061012	0.94485	1	1
DropViz_PC_level2	Oligodendrocyte_Tfr_Tmem2.9_2	15002	-0.0060489	-0.01819	0.0036357	0.95191	1	1
DropViz_PC_level2	Astrocyte_Gja1_Igfbp2.8_1	15002	-0.0099497	-0.026026	0.005659	0.96063	1	1
DropViz_PC_level2	Astrocyte_Gja1_Myoc.8_2	15002	-0.010041	-0.026151	0.0056946	0.96106	1	1
DropViz_PC_level2	Endothelial_Tip_Dcn_Nnat.14_3	15002	-0.00748	-0.02095	0.0038716	0.97331	1	1
DropViz_PC_level2	Polydendrocyte_Tnr_Dlx1.10_2	15002	-0.0087529	-0.026346	0.003767	0.98992	1	1
DropViz_PC_level2	Polydendrocyte_Tnr_Tmsb4x.10_3	15002	-0.01278	-0.036109	0.0052336	0.99269	1	1
DropViz_PC_level2	Endothelial_Tip_Dcn_Mgp-Penk.14_1	15002	-0.01259	-0.034294	0.0050675	0.99351	1	1
DropViz_PC_level2	Endothelial_Tip_Dcn_Mgp-Clu.14_2	15002	-0.010969	-0.030876	0.0043494	0.99416	1	1
DropViz_PC_level2	Endothelial_Tip_Dcn_Coch.14_4	15002	-0.010806	-0.029993	0.0042595	0.9944	1	1
DropViz_PC_level2	Mural_Acta2Rgs5_Abcc9.13_5	15002	-0.0079047	-0.024899	0.0030081	0.9957	1	1
DropViz_PC_level2	Mural_Acta2Rgs5Rgs5.13_3	15002	-0.012662	-0.0355	0.0043469	0.99821	1	1
DropViz_PC_level2	Mural_Acta2Rgs5_Acta2.13_1	15002	-0.013365	-0.036737	0.0045431	0.99837	1	1
DropViz_PC_level2	Endothelial_Tip_Dcn_Inmt.14_5	15002	-0.0098331	-0.02963	0.0033301	0.99842	1	1
DropViz_PC_level2	Endothelial_Stalk_Flt1_Gm9946.12_3	15002	-0.015704	-0.042486	0.004805	0.99946	1	1
DropViz_PC_level2	Endothelial_Stalk_Flt1_Gkn3.12_4	15002	-0.014487	-0.040411	0.0042703	0.99965	1	1
DropViz_PC_level2	Mural_Acta2Rgs5_Kcnj8-Abcc9.13_4	15002	-0.011811	-0.036058	0.0034617	0.99968	1	1
DropViz_PC_level2	Endothelial_Stalk_Flt1_Vwf.12_2	15002	-0.015434	-0.042589	0.0044478	0.99974	1	1
DropViz_PC_level2	Endothelial_Stalk_Flt1_Car4.12_1	15002	-0.016921	-0.046393	0.0047268	0.99983	1	1
DropViz_HC_level2	Neuron_Slc17a7_C1ql2-Penk.4_2	15002	0.034184	0.094963	0.0090831	8.4138e-05	0.008666214	0.04753797
DropViz_HC_level2	Neuron_Slc17a7_Nxph3-Sema3c.3_10	15002	0.032483	0.091285	0.0094216	0.0002835	0.0292005	0.1601775
DropViz_HC_level2	Neuron_Gad1Gad2_Pvalb_Tac1.1_6	15002	0.026861	0.074612	0.0079189	0.00034789	0.03583267	0.19655785
DropViz_HC_level2	Neuron_Slc17a7_Pvrl3-Inhba.6_7	15002	0.029453	0.081801	0.0089048	0.00047184	0.04859952	0.2665896
DropViz_HC_level2	Neuron_Slc17a7_Cbln1-Trps1.5_12	15002	0.023934	0.068429	0.0072986	0.00052169	0.05373407	0.29475485
DropViz_HC_level2	Neuron_Slc17a7_Fibcd1-Fos.5_8	15002	0.025805	0.073144	0.0085962	0.0013437	0.1384011	0.7591905
DropViz_HC_level2	Neuron_Slc17a7_Fibcd1-Kitl.5_4	15002	0.02755	0.076724	0.0093405	0.0015938	0.1641614	0.900497
DropViz_HC_level2	Neuron_Slc17a7_C1ql2-Cck.4_1	15002	0.026304	0.073071	0.0089362	0.0016253	0.1674059	0.9182945
DropViz_HC_level2	Neuron_Slc17a7_Pvrl3-Nos1.6_1	15002	0.028033	0.07745	0.0096063	0.0017629	0.1815787	0.9960385
DropViz_HC_level2	Neuron_Slc17a7_Pvrl3-Grm5.6_2	15002	0.019977	0.054906	0.0070447	0.0022895	0.2358185	1
DropViz_HC_level2	Neuron_Slc17a7_Cbln1-Gpr88.5_11	15002	0.025065	0.069373	0.0093139	0.0035643	0.3671229	1
DropViz_HC_level2	Neuron_Slc17a7_Fibcd1-Lypd1.5_1	15002	0.026974	0.075097	0.010243	0.0042317	0.4358651	1
DropViz_HC_level2	Neuron_Slc17a7_Fibcd1-Nrip3.5_2	15002	0.024285	0.068051	0.0092665	0.0043924	0.4524172	1
DropViz_HC_level2	Neuron_Slc17a7_FIbcd1-Inhba.5_7	15002	0.024869	0.06928	0.0094993	0.0044269	0.4559707	1
DropViz_HC_level2	Neuron_Slc17a7_Pvrl3-St18.6_3	15002	0.022662	0.062339	0.008791	0.004976	0.512528	1
DropViz_HC_level2	Neuron_Slc17a7_Fezf2-Rxfp1.5_15	15002	0.02076	0.05805	0.0082549	0.0059601	0.6138903	1
DropViz_HC_level2	Neuron_Slc17a7_Fibcd1-Nptx2.5_3	15002	0.023868	0.066389	0.0097093	0.0069874	0.7197022	1
DropViz_HC_level2	Neuron_Slc17a7_Pvrl3-Fos.6_8	15002	0.019569	0.055118	0.0081715	0.0083203	0.8569909	1
DropViz_HC_level2	Neuron_Slc17a7_Fibcd1-Grm5.5_5	15002	0.013307	0.037873	0.0057001	0.0097925	1	1
DropViz_HC_level2	Neuron_Slc17a7_Fezf2-Efna5.5_14	15002	0.02097	0.057949	0.0091978	0.011316	1	1
DropViz_HC_level2	Neuron_Slc17a7_Nxph3-Ajap1.3_11	15002	0.016595	0.047572	0.007392	0.01239	1	1
DropViz_HC_level2	Neuron_Slc17a7_Dcn-Pou3f1.5_6	15002	0.02296	0.063538	0.010229	0.012405	1	1
DropViz_HC_level2	Neuron_Slc17a7_Nxph3-Hpcal-Igfbp4.3_6	15002	0.021552	0.060062	0.0098697	0.014504	1	1
DropViz_HC_level2	Neuron_Slc17a7_Nxph3-Hpcal1-Fos.3_5	15002	0.010658	0.032542	0.0049004	0.014827	1	1
DropViz_HC_level2	Neuron_Gad1Gad2_Sst_Spon1.1_5	15002	0.015212	0.04282	0.0071501	0.016694	1	1
DropViz_HC_level2	Neuron_Slc17a7_Nxph3-Hpcal-Krt12.3_7	15002	0.018889	0.052733	0.0094235	0.022521	1	1
DropViz_HC_level2	Neuron_Slc17a7_Cbln4.2_1	15002	0.016125	0.045792	0.0082385	0.025165	1	1
DropViz_HC_level2	Neuron_Slc17a7_Dcn-Camk2d.5_9	15002	0.015525	0.043401	0.0079611	0.025594	1	1
DropViz_HC_level2	Neuron_Slc17a7_Nxph3-Cplx3-Pappa2.3_9	15002	0.011909	0.03463	0.006126	0.025956	1	1
DropViz_HC_level2	Neuron_Slc17a7_Nxph3-Cplx3-Hs6st2.3_8	15002	0.015495	0.04386	0.0080334	0.026887	1	1
DropViz_HC_level2	Neuron_Slc17a7_Rgs14.6_4	15002	0.014736	0.040933	0.0080345	0.033326	1	1
DropViz_HC_level2	Neuron_Slc17a7-Slc17a6_Nxph3-Cbln2-Kcnh8.3_3	15002	0.015599	0.043618	0.0085226	0.033612	1	1
DropViz_HC_level2	Neuron_Slc17a6_Nell1.2_5	15002	0.017099	0.047489	0.0093574	0.033838	1	1
DropViz_HC_level2	Neuron_Slc17a7_Calb2-Vgll3.6_5	15002	0.013516	0.037796	0.0076132	0.037932	1	1
DropViz_HC_level2	Neuron_Slc17a7_Reln.5_10	15002	0.010967	0.031717	0.0063172	0.041286	1	1
DropViz_HC_level2	Neuron_Gad1Gad2_Sst_Pcdh11x.1_10	15002	0.011577	0.033417	0.0066693	0.041303	1	1
DropViz_HC_level2	Neuron_Gad1Gad2_Id2_Sfrp2.1_2	15002	0.010203	0.03021	0.0059111	0.042177	1	1
DropViz_HC_level2	Neuron_Gad1Gad2_Sst_Atp2b4.1_3	15002	0.0080512	0.024267	0.0047826	0.046156	1	1
DropViz_HC_level2	Neuron_Gad1Gad2_Pvalb_C1ql1.1_1	15002	0.012018	0.034195	0.0072904	0.049642	1	1
DropViz_HC_level2	Neuron_Gad1Gad2_Sst_Rbp4.1_8	15002	0.011584	0.032819	0.0074848	0.06086	1	1
DropViz_HC_level2	Neuron_Slc17a6_Nefm.2_6	15002	0.013925	0.038666	0.0093814	0.068872	1	1
DropViz_HC_level2	Neuron_Slc17a7_Calb2-Adcyap1.6_6	15002	0.012549	0.034405	0.0085606	0.071356	1	1
DropViz_HC_level2	Neuron_Gad1Gad2_Pvalb_Gfra1.1_7	15002	0.0084283	0.023789	0.0068524	0.10936	1	1
DropViz_HC_level2	Neuron_Gad1Gad2Slc17a8_Sst_Ncam2.1_4	15002	0.009142	0.025576	0.0079472	0.12501	1	1
DropViz_HC_level2	Gad1Gad2_Cplx3_Tox.1_12	15002	0.0080455	0.023252	0.0071956	0.13177	1	1
DropViz_HC_level2	Gad1Gad2_Id2_Tac1.1_13	15002	0.0077881	0.022389	0.0070927	0.1361	1	1
DropViz_HC_level2	Neuron_Slc17a6_Grp.2_7	15002	0.0099258	0.027625	0.0090638	0.13675	1	1
DropViz_HC_level2	Gad1Gad2_Htr3a_Efba5.1_19	15002	0.006975	0.020369	0.0063715	0.13683	1	1
DropViz_HC_level2	Gad1Gad2_Id2_Bcl11b.1_14	15002	0.0093515	0.026313	0.0088233	0.14461	1	1
DropViz_HC_level2	Neuron_Slc17a7-Slc17a6_Nxph3-Cbln2-Htr2c.3_2	15002	0.009047	0.025216	0.0086795	0.14864	1	1
DropViz_HC_level2	Neuron_Slc17a6_Nnat.2_4	15002	0.0074887	0.021492	0.0077165	0.16591	1	1
DropViz_HC_level2	Gad1Gad2_Cplx3_Rxfp1.1_11	15002	0.0073776	0.02103	0.0080735	0.18042	1	1
DropViz_HC_level2	Neuron_Gad1Gad2_Sst_Grm1.1_9	15002	0.0060111	0.016966	0.0073554	0.2069	1	1
DropViz_HC_level2	Neuron_Slc17a6_Nts.2_3	15002	0.0050656	0.014578	0.0071679	0.23988	1	1
DropViz_HC_level2	Gad1Gad2_Id2_Prlr.1_15	15002	0.005604	0.015857	0.0084646	0.25397	1	1
DropViz_HC_level2	Gad1Gad2Slc17a8_Htr3a_Ktcd12.1_24	15002	0.0050299	0.014182	0.0083853	0.27431	1	1
DropViz_HC_level2	Gad1Gad2Chat_Htr3a_Chat.1_17	15002	0.0042252	0.011896	0.0084168	0.30784	1	1
DropViz_HC_level2	Neuron_Slc17a7_Nxph3-Hpcal1-Tpbg.3_4	15002	0.0015829	0.0049552	0.0040089	0.34648	1	1
DropViz_HC_level2	Neuron_Slc17a7_Ptgfr.5_13	15002	0.0017815	0.0053131	0.0055885	0.37495	1	1
DropViz_HC_level2	Gad1Gad2_Htr3a_Htr1b.1_26	15002	0.0013559	0.0038572	0.0079244	0.43207	1	1
DropViz_HC_level2	Gad1Gad2_Htr3a_Sema3c.1_27	15002	0.0010509	0.0030733	0.006471	0.43549	1	1
DropViz_HC_level2	Neuron_Slc17a6_Htr1a.2_2	15002	0.00069924	0.001991	0.0078342	0.46444	1	1
DropViz_HC_level2	Neuron_Slc17a7-Slc17a6_Nxph3-Nts.3_1	15002	-0.0001883	-0.00054263	0.0073461	0.51022	1	1
DropViz_HC_level2	Gad1Gad2_Htr3a_Krt73.1_23	15002	-0.00095772	-0.00269	0.0086205	0.54423	1	1
DropViz_HC_level2	Oligodendrocyte_Trf_Ctps.8_5	15002	-0.00066038	-0.001955	0.0034511	0.57587	1	1
DropViz_HC_level2	Macrophage_C1qb_Mrc1.10_2	15002	-0.00092323	-0.0027166	0.0034	0.60701	1	1
DropViz_HC_level2	Gad1Gad2_Htr3a_Chrm2.1_25	15002	-0.0019945	-0.005815	0.0063528	0.62322	1	1
DropViz_HC_level2	Gad1Gad2_Htr3a_Phlda1.1_18	15002	-0.0025138	-0.0072107	0.0072487	0.63562	1	1
DropViz_HC_level2	Neurogenesis_Sox4_Gabra5.13_5	15002	-0.0024434	-0.0069974	0.0060413	0.65706	1	1
DropViz_HC_level2	Gad1Gad2_Htr3a_Ecel1.1_21	15002	-0.0039019	-0.011167	0.0072474	0.70484	1	1
DropViz_HC_level2	Oligodendrocyte_Trf_Ndrg2.8_2	15002	-0.0030752	-0.0082988	0.0052798	0.71986	1	1
DropViz_HC_level2	Gad1Gad2_Htr3a_Ibsp.1_22	15002	-0.0046265	-0.013273	0.007284	0.73733	1	1
DropViz_HC_level2	Neurogenesis_Sox4_Gad2.13_4	15002	-0.0023886	-0.0075871	0.0031938	0.77273	1	1
DropViz_HC_level2	Gad1Gad2_Htr3a_Nnat.1_16	15002	-0.0050208	-0.014807	0.0061704	0.79209	1	1
DropViz_HC_level2	Microglia_C1qb_Tmem119.10_1	15002	-0.0038006	-0.010241	0.0045877	0.79628	1	1
DropViz_HC_level2	Oligodendrocyte_Trf_Man1a.8_4	15002	-0.0047281	-0.012738	0.0052041	0.81819	1	1
DropViz_HC_level2	Oligodendrocyte_Trf_Il33.8_3	15002	-0.0053735	-0.014232	0.0056375	0.82974	1	1
DropViz_HC_level2	Gad1Gad2_Htr3a_Cpne5.1_20	15002	-0.00772	-0.021876	0.0079255	0.83498	1	1
DropViz_HC_level2	Neurogenesis_Sox4_Ppp2r2b.13_6	15002	-0.004808	-0.014225	0.0046121	0.8514	1	1
DropViz_HC_level2	Ependymal_Ccdc153.11_1	15002	-0.0046629	-0.012268	0.0042984	0.86098	1	1
DropViz_HC_level2	Oligodendrocyte_Trf_Plin3.8_1	15002	-0.0059001	-0.015846	0.0051914	0.87212	1	1
DropViz_HC_level2	Astrocyte_Gja1_Fabp7.7_3	15002	-0.006578	-0.017824	0.0050702	0.90274	1	1
DropViz_HC_level2	Neurogenesis_Sox4_Cdc20.13_3	15002	-0.0048916	-0.014527	0.0037078	0.90645	1	1
DropViz_HC_level2	Mural_Rgs5Acta2_Col3a1.16_4	15002	-0.004067	-0.012685	0.0029764	0.91409	1	1
DropViz_HC_level2	Neuron_Slc17a6_Lhx1.14_1	15002	-0.0097784	-0.02729	0.0069863	0.91918	1	1
DropViz_HC_level2	Endothelial_Tip_Dcn_Agt.17_2	15002	-0.0053645	-0.015964	0.0030681	0.9598	1	1
DropViz_HC_level2	Choroid_Plexus_Ttr.12_1	15002	-0.0072065	-0.019393	0.0041144	0.96006	1	1
DropViz_HC_level2	Astrocyte_Gja1_Myoc.7_2	15002	-0.0094808	-0.024902	0.0053272	0.96242	1	1
DropViz_HC_level2	Polydendrocyte_Tnr_Ptprz1.9_4	15002	-0.010148	-0.028467	0.0056751	0.96312	1	1
DropViz_HC_level2	Astrocyte_Gja1_Nnat.7_1	15002	-0.011022	-0.028551	0.0055672	0.97613	1	1
DropViz_HC_level2	Polydendrocyte_Tnr_Pdgfa.9_1	15002	-0.010514	-0.029163	0.0051351	0.97969	1	1
DropViz_HC_level2	Endothelial_Tip_Dcn_Il33.17_4	15002	-0.0077155	-0.022651	0.0035034	0.98617	1	1
DropViz_HC_level2	Neurogenesis_Sox4_Efhd2.13_1	15002	-0.0092595	-0.027043	0.0041728	0.98675	1	1
DropViz_HC_level2	Polydendrocyte_Tnr_Cspg5.9_3	15002	-0.01345	-0.037409	0.0058677	0.98905	1	1
DropViz_HC_level2	Polydendrocyte_Tnr_Bmp4.9_2	15002	-0.013918	-0.039857	0.0051279	0.99667	1	1
DropViz_HC_level2	Neurogenesis_Sox4_Hist1h2al.13_2	15002	-0.011862	-0.034154	0.0043215	0.99697	1	1
DropViz_HC_level2	Endothelial_Tip_Dcn_Mgp.17_3	15002	-0.011114	-0.032054	0.0037471	0.99849	1	1
DropViz_HC_level2	Endothelial_Stalk_Flt1_Lcn2.15_2	15002	-0.011611	-0.03284	0.0038987	0.99855	1	1
DropViz_HC_level2	Mural_Rgs5Acta2_Cnn1.16_1	15002	-0.014219	-0.038331	0.0045412	0.99913	1	1
DropViz_HC_level2	Mural_Rgs5Acta2_Kcnj8.16_3	15002	-0.012269	-0.03579	0.0038516	0.99928	1	1
DropViz_HC_level2	Mural_Rgs5Acta2_Ccnd1.16_2	15002	-0.014471	-0.040233	0.0042522	0.99967	1	1
DropViz_HC_level2	Endothelial_Tip_Dcn_Rbp4.17_1	15002	-0.015432	-0.042222	0.0042629	0.99985	1	1
DropViz_HC_level2	Endothelial_Stalk_Flt1_Cdkn2b.15_1	15002	-0.016741	-0.045236	0.0045151	0.9999	1	1
DropViz_GP_level2	Neuron_Gad1Gad2_Vipr2.3_10	15002	0.019961	0.059656	0.0044287	3.3109e-06	0.0002284521	0.0018706585
DropViz_GP_level2	Neuron_Gad1Gad2-Th_Adora2a-Th.3_9	15002	0.03135	0.085511	0.0074629	1.3379e-05	0.000923151	0.007559135
DropViz_GP_level2	Neuron_Gad1Gad2_Drd1-Nefm.3_1	15002	0.026701	0.072135	0.0073384	0.00013758	0.00949302	0.0777327
DropViz_GP_level2	Neuron_Slc17a7_Neurod2-Rorb.2_11	15002	0.021191	0.059417	0.0059403	0.00018098	0.01248762	0.1022537
DropViz_GP_level2	Neuron_Gad1Gad2_Adora2a-Pde1c.3_6	15002	0.024926	0.068428	0.0070488	0.00020366	0.01405254	0.1150679
DropViz_GP_level2	Neuron_Gad1Gad2_Tac2.2_3	15002	0.027854	0.074448	0.0078842	0.0002062	0.0142278	0.116503
DropViz_GP_level2	Neuron_Gad1Gad2_Adora2a.3_3	15002	0.024871	0.067484	0.0071197	0.00023927	0.01650963	0.13518755
DropViz_GP_level2	Neuron_Gad1Gad2_Hpcal4.2_4	15002	0.025683	0.06877	0.0077757	0.00047963	0.03309447	0.27099095
DropViz_GP_level2	Neuron_Gad1Gad2_Cadm2.3_4	15002	0.01936	0.053187	0.0059825	0.00060725	0.04190025	0.34309625
DropViz_GP_level2	Neuron_Gad1Gad2_Sphkap-Tmem255a.3_7	15002	0.024785	0.067802	0.0077407	0.00068413	0.04720497	0.38653345
DropViz_GP_level2	Neuron_Gad1Gad2_Sphkap-Cpne4.3_8	15002	0.019362	0.054325	0.0062922	0.0010468	0.0722292	0.591442
DropViz_GP_level2	Neuron_Gad1Gad2_Lamp5-Cplx3.2_22	15002	0.011034	0.034475	0.0037144	0.0014893	0.1027617	0.8414545
DropViz_GP_level2	Neuron_Gad1Gad2_Drd1-Pde1c.3_5	15002	0.020036	0.055224	0.0069857	0.0020673	0.1426437	1
DropViz_GP_level2	Neuron_Gad1Gad2_Drd1-Pdyn.3_2	15002	0.019801	0.054641	0.0069073	0.0020776	0.1433544	1
DropViz_GP_level2	Neuron_Gad1Gad2_Satb1.2_6	15002	0.02012	0.055125	0.0072712	0.0028313	0.1953597	1
DropViz_GP_level2	Neuron_Slc17a6_Rspo3.2_9	15002	0.020078	0.054881	0.007302	0.0029873	0.2061237	1
DropViz_GP_level2	Neuron_Slc17a6_Tcf7l2.2_8	15002	0.018943	0.051456	0.0072676	0.0045776	0.3158544	1
DropViz_GP_level2	Neuron_Slc17a6_Cck.2_2	15002	0.017144	0.046991	0.0066819	0.0051525	0.3555225	1
DropViz_GP_level2	Neuron_Gad1Gad2-Slc17a6_Cbln1.2_7	15002	0.017583	0.048427	0.007008	0.006059	0.418071	1
DropViz_GP_level2	Neuron_Gad1Gad2_Grem.2_13	15002	0.018677	0.050988	0.0075548	0.0067197	0.4636593	1
DropViz_GP_level2	Neuron_Gad1Gad2_Sst.2_5	15002	0.017601	0.048364	0.0072669	0.0077216	0.5327904	1
DropViz_GP_level2	Neuron_Gad1Gad2_Igfbp4_Adora1.2_25	15002	0.013796	0.039393	0.0060147	0.01091	0.75279	1
DropViz_GP_level2	Neuron_Gad1Gad2_Trh.2_23	15002	0.01108	0.032497	0.0050811	0.014612	1	1
DropViz_GP_level2	Neuron_Gad1Gad2_Trdn.2_16	15002	0.01447	0.039222	0.007072	0.020384	1	1
DropViz_GP_level2	Neuron_Gad1Gad2_Six3-Pvalb.2_20	15002	0.013081	0.036459	0.0065603	0.023087	1	1
DropViz_GP_level2	Neuron_Gad1Gad2_Elfn1-Grik3.2_17	15002	0.014166	0.03886	0.007126	0.023422	1	1
DropViz_GP_level2	Neuron_Gad1Gad2_Fibcd1.2_15	15002	0.015356	0.040837	0.0079897	0.027315	1	1
DropViz_GP_level2	Neuron_Gad1Gad2_Vip.2_21	15002	0.011013	0.031056	0.0063028	0.040308	1	1
DropViz_GP_level2	Neuron_Gad1Gad2_Cadm2.2_10	15002	0.0073652	0.021254	0.0043842	0.046496	1	1
DropViz_GP_level2	Neuron_Gad1Gad2_Scn4b.2_14	15002	0.01122	0.029957	0.0069023	0.05203	1	1
DropViz_GP_level2	Neuron_Slc17a7_Neurod2-C1ql3.2_12	15002	0.00781	0.022236	0.0051702	0.065459	1	1
DropViz_GP_level2	Neuron_Gad1Gad2_Pappa.2_18	15002	0.010052	0.027836	0.0068482	0.071081	1	1
DropViz_GP_level2	Neuron_Gad1Gad2_Igfbp4_Rgs4.2_24	15002	0.0092925	0.026031	0.0064279	0.074148	1	1
DropViz_GP_level2	Neuron_Gad1Gad2_Tac1.2_1	15002	0.008391	0.023956	0.0059215	0.078247	1	1
DropViz_GP_level2	Neuron_Chat-Gad1Gad2-Slc17a8_Ngfr.1_1	15002	0.0061755	0.016901	0.0069542	0.18727	1	1
DropViz_GP_level2	Neuron_Gad1Gad2_Cyp26b1.2_19	15002	0.0042081	0.01148	0.0081277	0.30232	1	1
DropViz_GP_level2	Neuron_Chat-Gad1Gad2-Slc17a8_Nefm.1_2	15002	0.0026536	0.0074984	0.0060723	0.33106	1	1
DropViz_GP_level2	Oligodendrocyte_Trf_Kif5b.10_6	15002	0.0012796	0.0033801	0.0062858	0.41935	1	1
DropViz_GP_level2	Oligodendrocyte_Trf_Ttyh1.10_3	15002	0.00023244	0.00062037	0.0059597	0.48444	1	1
DropViz_GP_level2	Polydendrocyte_Tnr_Cyth3.4_7	15002	-0.00018364	-0.00055625	0.0026382	0.52775	1	1
DropViz_GP_level2	Oligodendrocyte_Trf_Ctps.10_4	15002	-0.00052436	-0.0014338	0.0051169	0.54081	1	1
DropViz_GP_level2	Oligodendrocyte_Trf_Klk6.10_2	15002	-0.00095058	-0.0025364	0.0058261	0.5648	1	1
DropViz_GP_level2	Oligodendrocyte_Trf_Mbp.10_1	15002	-0.0010759	-0.0028405	0.0064684	0.56605	1	1
DropViz_GP_level2	Polydendrocyte_Tnr_Bmp4.4_4	15002	-0.0019537	-0.0054506	0.0060072	0.62749	1	1
DropViz_GP_level2	Oligodendrocyte_Trf_Il33.10_5	15002	-0.0021197	-0.0056349	0.0062287	0.63318	1	1
DropViz_GP_level2	Microglia_C1qb_Tmem119.11_1	15002	-0.0035718	-0.0099987	0.0041156	0.80726	1	1
DropViz_GP_level2	Macrophage_C1qb_Mrc1.11_2	15002	-0.0035185	-0.0099356	0.0039097	0.81591	1	1
DropViz_GP_level2	Polydendrocyte_Tnr_Pdgfa-Tmem2.4_2	15002	-0.005031	-0.014021	0.0051227	0.83696	1	1
DropViz_GP_level2	Astrocyte_Gja1_Gfap.5_1	15002	-0.0061464	-0.016037	0.0061031	0.84305	1	1
DropViz_GP_level2	Mitotic_MkI67.4_6	15002	-0.0030245	-0.0098513	0.002914	0.85034	1	1
DropViz_GP_level2	Polydendrocyte_Tnr_Cspg5.4_5	15002	-0.0072041	-0.019776	0.0065803	0.86319	1	1
DropViz_GP_level2	Ependymal_Ccdc153.6_1	15002	-0.0043351	-0.01271	0.0033972	0.89903	1	1
DropViz_GP_level2	Astrocyte_Gja1_Crym.5_2	15002	-0.0074564	-0.01965	0.0057404	0.90301	1	1
DropViz_GP_level2	Polydendrocyte_Tnr_Opalin.4_3	15002	-0.0059443	-0.016773	0.0044836	0.90753	1	1
DropViz_GP_level2	Polydendrocyte_Tnr_Pdgfa-Pik3r3.4_1	15002	-0.0084561	-0.023618	0.005586	0.93495	1	1
DropViz_GP_level2	Endothelial_Tip_Dcn_Mgp.9_1	15002	-0.0082502	-0.023578	0.0041394	0.97686	1	1
DropViz_GP_level2	Mural_Rgs5Acta2_Acta2.8_1	15002	-0.012572	-0.034108	0.0047099	0.99619	1	1
DropViz_GP_level2	Endothelial_Tip_Dcn_Ifitm1.9_3	15002	-0.011456	-0.032513	0.0039491	0.99814	1	1
DropViz_GP_level2	Mural_Rgs5Acta2_Lmcd1.8_3	15002	-0.0097477	-0.029977	0.0032382	0.99869	1	1
DropViz_GP_level2	Mural_Rgs5Acta2_Pappa2.8_5	15002	-0.008587	-0.026999	0.0027187	0.99921	1	1
DropViz_GP_level2	Endothelial_Stalk_Flt1_Lcn2.7_4	15002	-0.014709	-0.041175	0.0044836	0.99948	1	1
DropViz_GP_level2	Endothelial_Stalk_Flt1_Car4.7_5	15002	-0.017224	-0.04736	0.0048736	0.99979	1	1
DropViz_GP_level2	Endothelial_Stalk_Flt1_Cdkn1c.7_2	15002	-0.01733	-0.047397	0.0048357	0.99983	1	1
DropViz_GP_level2	Mural_Rgs5Acta2_Kcnj8.8_2	15002	-0.014606	-0.042915	0.0040086	0.99987	1	1
DropViz_GP_level2	Endothelial_Stalk_Flt1_Apold1.7_1	15002	-0.017718	-0.04935	0.0046062	0.99994	1	1
DropViz_GP_level2	Endothelial_Stalk_Flt1_Angpt2.7_6	15002	-0.018599	-0.051235	0.0047934	0.99995	1	1
DropViz_GP_level2	Mural_Rgs5Acta2_Rgs5.8_4	15002	-0.019811	-0.054161	0.0048243	0.99998	1	1
DropViz_GP_level2	Endothelial_Tip_Dcn_Col15a1.9_2	15002	-0.01615	-0.046507	0.0039535	0.99998	1	1
DropViz_GP_level2	Endothelial_Stalk_Flt1_Mgp.7_3	15002	-0.019345	-0.054229	0.004365	1	1	1
DropViz_FC_level2	Neuron_Slc17a7-Slc17a6_Nptxr-Rorb.6_3	15002	0.040619	0.11063	0.0098893	2.0123e-05	0.001629963	0.011369495
DropViz_FC_level2	Neuron_Slc17a7_Nptxr-Calb1.6_1	15002	0.037685	0.10244	0.0094489	3.3439e-05	0.002708559	0.018893035
DropViz_FC_level2	Neuron_Slc17a7_Nptxr-Ndst4.6_2	15002	0.035223	0.097127	0.0090671	5.1472e-05	0.004169232	0.02908168
DropViz_FC_level2	Neuron_Slc17a7_Syt6-Kit.3_12	15002	0.03786	0.10472	0.0098816	6.4004e-05	0.005184324	0.03616226
DropViz_FC_level2	Neuron_Slc17a7_Nptxr-Fos.6_5	15002	0.032974	0.090918	0.0090432	0.00013352	0.01081512	0.0754388
DropViz_FC_level2	Neuron_Slc17a7_Nptxr-Deptor.6_4	15002	0.035709	0.097271	0.010298	0.00026356	0.02134836	0.1489114
DropViz_FC_level2	Neuron_Slc17a7_Parm1_Nefm.7_6	15002	0.030418	0.082887	0.0095211	0.0007012	0.0567972	0.396178
DropViz_FC_level2	Neuron_Gad1Gad2_Synpr-Pcdh11x.1_6	15002	0.027171	0.074808	0.0085889	0.00078109	0.06326829	0.44131585
DropViz_FC_level2	Neuron_Slc17a7_Syt6-Fos.3_13	15002	0.028702	0.080093	0.0091347	0.00084036	0.06806916	0.4748034
DropViz_FC_level2	Neuron_Slc17a7_Syt6-Efna5.3_3	15002	0.030058	0.082504	0.0098414	0.0011304	0.0915624	0.638676
DropViz_FC_level2	Neuron_Slc17a7-Slc17a8_Syt6-Cplx3.3_10	15002	0.026339	0.073268	0.0086696	0.0011925	0.0965925	0.6737625
DropViz_FC_level2	Neuron_Slc17a7_Syt6-Slc30a3.3_5	15002	0.026356	0.072596	0.0090778	0.0018486	0.1497366	1
DropViz_FC_level2	Neuron_Slc17a7_Syt6-Sema5a.3_1	15002	0.028326	0.077753	0.0097845	0.0018991	0.1538271	1
DropViz_FC_level2	Neuron_Slc17a7_Syt6-Lypd1.3_7	15002	0.027772	0.076418	0.0098037	0.0023102	0.1871262	1
DropViz_FC_level2	Neuron_Slc17a7_Parm1_Lsamp.7_3	15002	0.026177	0.071532	0.0095464	0.0030569	0.2476089	1
DropViz_FC_level2	NeuronSlc17a7-Slc17a6_Syt6-Nnat.3_8	15002	0.026657	0.073693	0.009757	0.0031505	0.2551905	1
DropViz_FC_level2	Neuron_Slc17a7_Syt6-Etv1.3_2	15002	0.022617	0.063824	0.0085071	0.0039281	0.3181761	1
DropViz_FC_level2	Neuron_Slc17a7_Syt6-Bdnf.3_11	15002	0.017486	0.050656	0.0066233	0.0041498	0.3361338	1
DropViz_FC_level2	Neuron_Slc17a7_Syt6-Sema3c.3_9	15002	0.023806	0.065797	0.0094626	0.0059443	0.4814883	1
DropViz_FC_level2	Neuron_Slc17a6-Slc17a7_Nr4a2.5_1	15002	0.023097	0.063197	0.0092965	0.0064928	0.5259168	1
DropViz_FC_level2	Neuron_Gad1Gad2_Pvalb-Nefm.2_8	15002	0.0189	0.051785	0.0076303	0.006631	0.537111	1
DropViz_FC_level2	Neuron_Gad1Gad2_Pvalb.2_7	15002	0.019869	0.054511	0.0082857	0.0082483	0.6681123	1
DropViz_FC_level2	Neuron_Slc17a7_Parm1_Nnat.7_2	15002	0.020244	0.056419	0.0085047	0.0086561	0.7011441	1
DropViz_FC_level2	Neuron_Slc17a7_Syt6-Cyp26b1.3_4	15002	0.02225	0.061337	0.0096154	0.010342	0.837702	1
DropViz_FC_level2	Neuron_Slc17a7_Parm1_Cadm2.7_5	15002	0.013654	0.038024	0.0060962	0.012563	1	1
DropViz_FC_level2	Neuron_Slc17a7_Syt6-Slc24a2.3_6	15002	0.014921	0.041645	0.0067049	0.013035	1	1
DropViz_FC_level2	Neuron_Slc17a7_Parm1_Fos.7_4	15002	0.009165	0.028154	0.0044307	0.019305	1	1
DropViz_FC_level2	Neuron_Gad1Gad2_Cplx3-Crim1.1_9	15002	0.01429	0.040824	0.0069619	0.020063	1	1
DropViz_FC_level2	Neuron_Slc17a7_Parm1_Ndnf.7_1	15002	0.01789	0.049497	0.0087162	0.020069	1	1
DropViz_FC_level2	Neuron_Gad1Gad2_Synpr-Dpy19l1.1_7	15002	0.013959	0.039751	0.0068904	0.021398	1	1
DropViz_FC_level2	Neuron_Gad1Gad2_Cplx3-Reln.1_2	15002	0.017724	0.048946	0.0089476	0.023814	1	1
DropViz_FC_level2	Neuron_Slc17a7_Parm1_Tshz2.7_7	15002	0.015603	0.043433	0.00791	0.024284	1	1
DropViz_FC_level2	Neuron_Gad1Gad2_Pvalb-Unc5b.2_6	15002	0.011638	0.03346	0.0061456	0.029145	1	1
DropViz_FC_level2	Neuron_Gad1Gad2_Cplx3.1_1	15002	0.016518	0.045395	0.0087577	0.029647	1	1
DropViz_FC_level2	Neuron_Slc17a6-Slc17a7_Fezf2_3110035E14Rik.4_2	15002	0.013761	0.039129	0.0073076	0.029858	1	1
DropViz_FC_level2	Neuron_Gad1Gad2_Pvalb-Necab1.2_9	15002	0.015833	0.043221	0.0084297	0.030182	1	1
DropViz_FC_level2	Neuron_Gad1Gad2-Th_Nr4a2.2_10	15002	0.011142	0.031099	0.007237	0.061833	1	1
DropViz_FC_level2	Neuron_Gad1Gad2_Cplx3-Dpy19l1.1_8	15002	0.0082988	0.024497	0.0054859	0.065184	1	1
DropViz_FC_level2	Neuron_Gad1Gad2_Synpr-Sncg.1_11	15002	0.011087	0.030909	0.0076577	0.073852	1	1
DropViz_FC_level2	Neuron_Gad1Gad2_Sst-Crh.2_4	15002	0.009458	0.026142	0.0081199	0.12206	1	1
DropViz_FC_level2	Neuron_Slc17a7_Nptxr-Drd1.6_6	15002	0.0031731	0.0099325	0.0027762	0.12653	1	1
DropViz_FC_level2	Neuron_Slc17a6-Slc17a7-Slc17a8_Fezf2_Slc17a8.4_1	15002	0.010587	0.029082	0.0098773	0.1419	1	1
DropViz_FC_level2	Neuron_Gad1Gad2-Slc17a8_Synpr-Sncg-Yjefn3.1_10	15002	0.0080825	0.022387	0.0078082	0.15031	1	1
DropViz_FC_level2	Neuron_Gad1Gad2_Synpr-Nnat.1_3	15002	0.005887	0.017084	0.006101	0.1673	1	1
DropViz_FC_level2	Neuron_Gad1Gad2-Chat_Synpr-Slc5a7.1_5	15002	0.0077107	0.021213	0.0084398	0.18047	1	1
DropViz_FC_level2	Neuron_Gad1Gad2_Sst-Calb2.2_3	15002	0.0063116	0.017802	0.0072608	0.19236	1	1
DropViz_FC_level2	Neuron_Gad1Gad2_Sst-Chodl.2_1	15002	0.0043787	0.012464	0.0059991	0.23273	1	1
DropViz_FC_level2	Neuron_Gad1Gad2_Synpr-Crispld2.1_4	15002	0.0047203	0.013207	0.0074338	0.26273	1	1
DropViz_FC_level2	Neuron_Gad1Gad2_Sst-Nr2f2.2_5	15002	0.0047172	0.013127	0.0077111	0.27036	1	1
DropViz_FC_level2	Neuron_Gad1Gad2_Sst-Pdyn.2_2	15002	0.0032242	0.0088855	0.0077896	0.33947	1	1
DropViz_FC_level2	Microglia_C1qb_Tmem119-Fos.11_4	15002	0.0010416	0.0032959	0.0027166	0.35071	1	1
DropViz_FC_level2	Macrophage_C1qb_Mrc1.11_3	15002	-0.0015808	-0.0044264	0.0041452	0.64853	1	1
DropViz_FC_level2	Oligodendrocyte_Tnf_Ptgds.9_4	15002	-0.0028605	-0.0074724	0.0063185	0.67462	1	1
DropViz_FC_level2	Microglia_C1qb_Tmem119.11_1	15002	-0.0029654	-0.0078088	0.0057089	0.69827	1	1
DropViz_FC_level2	Oligodendrocyte_Tnf_Igsf8-Ctps.9_2	15002	-0.0033592	-0.0092722	0.0047493	0.7603	1	1
DropViz_FC_level2	Oligodendrocyte_Tnf_Klk6.9_5	15002	-0.0043276	-0.011515	0.0057957	0.77237	1	1
DropViz_FC_level2	Oligodendrocyte_Tnf_Igsf8.9_1	15002	-0.0043097	-0.011346	0.0057439	0.77346	1	1
DropViz_FC_level2	Astrocyte_Gja1.8_1	15002	-0.0081319	-0.021026	0.0060693	0.90984	1	1
DropViz_FC_level2	Neuron_Slc17a6_Reln.11_2	15002	-0.0045601	-0.014545	0.0033869	0.9109	1	1
DropViz_FC_level2	Astrocyte_Gja1_Myoc.8_2	15002	-0.0080645	-0.02096	0.0058293	0.91672	1	1
DropViz_FC_level2	Polydendrocyte_Tnr_Opalin.10_4	15002	-0.0062181	-0.017655	0.0042926	0.92626	1	1
DropViz_FC_level2	Oligodendrocyte_Tnf_Kif5b.9_3	15002	-0.009474	-0.025015	0.0059946	0.94298	1	1
DropViz_FC_level2	Polydendrocyte_Tnr_Bmp4-Gpr17.10_6	15002	-0.0089167	-0.025296	0.0054948	0.94767	1	1
DropViz_FC_level2	Endothelial_Stalk_Flt1_Lrg1.12_5	15002	-0.0063133	-0.019047	0.0034105	0.96791	1	1
DropViz_FC_level2	Endothelial_Tip_Dcn_Coch.14_3	15002	-0.0074247	-0.021465	0.0038565	0.97289	1	1
DropViz_FC_level2	Polydendrocyte_Tnr_Bmp4-_Ptgds.10_5	15002	-0.010561	-0.0294	0.0054706	0.97321	1	1
DropViz_FC_level2	Polydendrocyte_Tnr_Pdgfa.10_3	15002	-0.010266	-0.028556	0.0052691	0.9743	1	1
DropViz_FC_level2	Polydendrocyte_Tnr_Cspg5.10_1	15002	-0.013878	-0.037915	0.0064988	0.98363	1	1
DropViz_FC_level2	Endothelial_Tip_Dcn_1500015O10Rik.14_1	15002	-0.0095662	-0.026965	0.0044082	0.98499	1	1
DropViz_FC_level2	Mural_Rgs5Acta2_Abcc9.13_3	15002	-0.01009	-0.028627	0.0046032	0.9858	1	1
DropViz_FC_level2	Endothelial_Tip_Dcn_Inmt.14_5	15002	-0.0081769	-0.025259	0.0031663	0.99509	1	1
DropViz_FC_level2	Endothelial_Tip_Dcn_Dapl1.14_2	15002	-0.011198	-0.031581	0.0041509	0.9965	1	1
DropViz_FC_level2	Mural_Rgs5Acta2_Ccnd1.13_2	15002	-0.015217	-0.040815	0.0049643	0.99891	1	1
DropViz_FC_level2	Endothelial_Tip_Dcn_Col15a1.14_4	15002	-0.015247	-0.041894	0.0048904	0.99909	1	1
DropViz_FC_level2	Polydendrocyte_Tnr_Dlx1.10_2	15002	-0.014272	-0.040846	0.0044912	0.99926	1	1
DropViz_FC_level2	Mural_Rgs5Acta2_Cnn1.13_1	15002	-0.015766	-0.042094	0.0049331	0.9993	1	1
DropViz_FC_level2	Endothelial_Stalk_Flt1_Car4.12_3	15002	-0.01847	-0.049448	0.0051548	0.99983	1	1
DropViz_FC_level2	Endothelial_Stalk_Flt1_Cfh.12_4	15002	-0.018271	-0.049177	0.0049612	0.99988	1	1
DropViz_FC_level2	Mural_Rgs5Acta2_Col3a1.13_4	15002	-0.013742	-0.040576	0.0036843	0.9999	1	1
DropViz_FC_level2	Endothelial_Stalk_Flt1_Gkn3.12_1	15002	-0.020086	-0.05352	0.0051302	0.99995	1	1
DropViz_FC_level2	Endothelial_Stalk_Flt1_Mgp.12_2	15002	-0.01605	-0.045676	0.0040177	0.99997	1	1
DropViz_ENT_level2	Neuron_Slc17a6_Pitx2.4_6	15002	0.018608	0.050913	0.0056106	0.00045674	0.0159859	0.2580581
DropViz_ENT_level2	Neuron_Gad1Gad2_Pvalb-Ntng1.4_8	15002	0.014531	0.041527	0.004756	0.0011263	0.0394205	0.6363595
DropViz_ENT_level2	Neuron_Gad1Gad2_Six3-Pvalb.4_2	15002	0.014882	0.042602	0.0052051	0.0021276	0.074466	1
DropViz_ENT_level2	Neuron_Gad1Gad2_Pvalb-Gfra2.4_7	15002	0.015223	0.041804	0.0058183	0.0044469	0.1556415	1
DropViz_ENT_level2	Neuron_Slc17a7_Zbtb20.4_1	15002	0.0086102	0.026773	0.0035257	0.0073065	0.2557275	1
DropViz_ENT_level2	Neuron_Gad1Gad2-Slc17a6_Cbln1.4_3	15002	0.011265	0.032523	0.0048189	0.0097071	0.3397485	1
DropViz_ENT_level2	Neuron_Gad1Gad2_Dlk1.4_4	15002	0.013044	0.035529	0.0058641	0.013068	0.45738	1
DropViz_ENT_level2	Neuron_Gad1Gad2_Pvalb-Spp1.4_9	15002	0.0092833	0.02705	0.0042458	0.014399	0.503965	1
DropViz_ENT_level2	Neuron_Gad1Gad2_Tcf7l2.4_5	15002	0.008814	0.026142	0.0045341	0.025962	0.90867	1
DropViz_ENT_level2	Oligodendrocyte_Trf_Ndrg2.1_3	15002	0.0086173	0.023156	0.0070375	0.1104	1	1
DropViz_ENT_level2	Oligodendrocyte_Trf_Ctps.1_5	15002	0.0072611	0.019921	0.0059564	0.11143	1	1
DropViz_ENT_level2	Neuron_Gad1Gad2_Otx2.4_11	15002	0.0035197	0.011473	0.0029612	0.11731	1	1
DropViz_ENT_level2	Neuron_Gad1Gad2-Chat.4_12	15002	0.0035314	0.011183	0.0030763	0.12551	1	1
DropViz_ENT_level2	Neuron_Gad1Gad2_Pmch.4_10	15002	0.0032939	0.010444	0.0030019	0.13628	1	1
DropViz_ENT_level2	Oligodendrocyte_Trf_Ndrg2.8_2	15002	0.0043382	0.011621	0.0046094	0.17332	1	1
DropViz_ENT_level2	Polydendrocyte_Tnr_Ctps.5_3	15002	0.0036707	0.01037	0.0052481	0.24214	1	1
DropViz_ENT_level2	Mural_Rgs5Acta2_Junb.3_6	15002	0.0018192	0.0055513	0.0027634	0.25517	1	1
DropViz_ENT_level2	Astrocyte_Gja1_Myoc.7_1	15002	0.0021831	0.0064512	0.0040212	0.29361	1	1
DropViz_ENT_level2	Oligodendrocyte_Trf_Klk6.1_2	15002	0.0028603	0.0077102	0.0063729	0.32678	1	1
DropViz_ENT_level2	Polydendrocyte_Tnr_Cspg5.6_1	15002	0.0018859	0.0054153	0.0052845	0.3606	1	1
DropViz_ENT_level2	Oligodendrocyte_Trf_Il33.1_4	15002	0.00082438	0.0022125	0.0067986	0.45174	1	1
DropViz_ENT_level2	Oligodendrocyte_Trf_Serpinb1a.1_1	15002	0.00023466	0.00063136	0.0067122	0.48606	1	1
DropViz_ENT_level2	Oligodendrocyte_Trf_Cldn11.8_1	15002	-0.00051499	-0.0014689	0.0045742	0.54482	1	1
DropViz_ENT_level2	Polydendrocyte_Tnr_Bmp4.5_1	15002	-0.00086539	-0.0025215	0.0052783	0.56511	1	1
DropViz_ENT_level2	Astrocyte_Gja1_Htra1.7_2	15002	-0.0024394	-0.0066307	0.0054285	0.67342	1	1
DropViz_ENT_level2	Polydendrocyte_Tnr_Pdgfa.5_2	15002	-0.007464	-0.021242	0.0054105	0.91613	1	1
DropViz_ENT_level2	Mural_Rgs5Acta2_Pdgfa.3_3	15002	-0.006381	-0.019808	0.0032134	0.97646	1	1
DropViz_ENT_level2	Mural_Rgs5Acta2_Ccnd1.3_4	15002	-0.011873	-0.03448	0.0042492	0.9974	1	1
DropViz_ENT_level2	Endothelial_Stalk_Flt1_Vwf.2_2	15002	-0.012039	-0.035006	0.0042702	0.99759	1	1
DropViz_ENT_level2	Endothelial_Stalk_Flt1_Tgfb2.2_3	15002	-0.013797	-0.039106	0.0048436	0.9978	1	1
DropViz_ENT_level2	Endothelial_Stalk_Flt1_Car4.2_1	15002	-0.01423	-0.039991	0.0049318	0.99804	1	1
DropViz_ENT_level2	Mural_Rgs5Acta2_Cnn1.3_5	15002	-0.011937	-0.035152	0.0039246	0.99882	1	1
DropViz_ENT_level2	Endothelial_Stalk_Flt1_Gkn3.2_4	15002	-0.015578	-0.043969	0.004805	0.99941	1	1
DropViz_ENT_level2	Endothelial_Tip_Dcn.3_2	15002	-0.012764	-0.038791	0.0034116	0.99991	1	1
DropViz_ENT_level2	Mural_Rgs5Acta2_Kcnj8.3_1	15002	-0.014188	-0.043271	0.0036304	0.99995	1	1
DropViz_CB_level2	Neuron_Gad1Gad2_Pvalb-Cadm1.3_3	15002	0.018626	0.05572	0.0045264	1.9479e-05	0.000486975	0.011005635
DropViz_CB_level2	Neuron_Gad1Gad2_Pvalb-Rab3b.3_2	15002	0.018184	0.052881	0.0051686	0.00021803	0.00545075	0.12318695
DropViz_CB_level2	Neuron_Slc17a7_Gabra6.1_1	15002	0.02173	0.061216	0.0063543	0.00031435	0.00785875	0.17760775
DropViz_CB_level2	Neuron_Gad1Gad2_Pvalb-Nefh.3_1	15002	0.015803	0.044805	0.0053374	0.0015363	0.0384075	0.8680095
DropViz_CB_level2	Neuron_Gad1Gad2_Pcp2.2_1	15002	0.014316	0.040754	0.0049578	0.0019442	0.048605	1
DropViz_CB_level2	Neuron_Gad1Gad2_Lgi2.4_2	15002	0.01191	0.034753	0.0046292	0.0050492	0.12623	1
DropViz_CB_level2	Neuron_Slc17a6_Nrgn.4_3	15002	0.008324	0.02581	0.0037099	0.012434	0.31085	1
DropViz_CB_level2	Neuron_Slc17a6_Sln.4_1	15002	0.010069	0.029608	0.0049206	0.020372	0.5093	1
DropViz_CB_level2	Neuron_Gad1Gad2_Pvalb-Chrm2.3_4	15002	0.0086957	0.025852	0.004522	0.027253	0.681325	1
DropViz_CB_level2	Oligodendrocyte_Trf_Klk6.6_2	15002	0.0065919	0.019134	0.004038	0.051302	1	1
DropViz_CB_level2	Oligodendroyte_Trf_Il33.6_1	15002	0.0060275	0.016642	0.0054135	0.13277	1	1
DropViz_CB_level2	Microglia_C1qb_Mrc1-Tmem119.5_1	15002	0.001261	0.0038908	0.0032361	0.3484	1	1
DropViz_CB_level2	Gja1_Htra1.8_2	15002	0.0008155	0.0023147	0.0049066	0.434	1	1
DropViz_CB_level2	Astrocyte_Gja_Slc1a3.7_1	15002	2.5867e-05	7.0496e-05	0.0058693	0.49824	1	1
DropViz_CB_level2	Gja1_Gfap.8_1	15002	-7.8397e-05	-0.00024375	0.0032464	0.50963	1	1
DropViz_CB_level2	Mural_Acta2Rgs5_Acta2.11_3	15002	-0.0029872	-0.0090611	0.003674	0.79191	1	1
DropViz_CB_level2	Polydendrocyte_Tnr_Tnr.6_3	15002	-0.0026886	-0.0082869	0.0032788	0.79388	1	1
DropViz_CB_level2	Choroid_Plexus_Ttr.9_1	15002	-0.0055867	-0.015479	0.004123	0.91228	1	1
DropViz_CB_level2	Endothelial_Tip_Dcn_Nnat.11_1	15002	-0.0081048	-0.023397	0.003858	0.98216	1	1
DropViz_CB_level2	Endothelial_Stalk_Flt1_Lrg1.10_3	15002	-0.0098724	-0.02936	0.0042988	0.98917	1	1
DropViz_CB_level2	Mural_Acta2Rgs5_Kcnj8.11_4	15002	-0.0073518	-0.023258	0.0029968	0.99291	1	1
DropViz_CB_level2	Endothelial_Tip_Dcn_Apod.11_2	15002	-0.0092058	-0.027235	0.0034802	0.99591	1	1
DropViz_CB_level2	Endothelial_Stalk_Flt1_Car4.10_2	15002	-0.011836	-0.034966	0.0043146	0.99695	1	1
DropViz_CB_level2	Mural_Acta2Rgs5_Rgs5.11_5	15002	-0.0085453	-0.02673	0.0030245	0.99764	1	1
DropViz_CB_level2	Endothelial_Stalk_Flt1_Mgp.10_1	15002	-0.017754	-0.052694	0.0042239	0.99999	1	1
