Dataset	Cell_type	MODEL	NGENES	BETA	BETA_STD	SE	P	Marginal.P	PS
DropViz_FC_level2	Neuron_Slc17a7_Nptxr-Calb1.6_1	1	15002	0.025338	0.06888	0.011427	0.013304	3.3439e-05	0.419151905077514
DropViz_FC_level2	Neuron_Slc17a7_Syt6-Kit.3_12	1	15002	0.022956	0.063499	0.01195	0.027373	6.4004e-05	0.372616780564329
DropViz_FC_level2	Neuron_Slc17a7_Nptxr-Ndst4.6_2	2	15002	0.023182	0.063925	0.010807	0.015981	5.1472e-05	0.418893740981053
DropViz_FC_level2	Neuron_Slc17a7_Syt6-Kit.3_12	2	15002	0.024109	0.066689	0.011778	0.020337	6.4004e-05	0.403384992626415
DropViz_FC_level2	Neuron_Slc17a7-Slc17a6_Nptxr-Rorb.6_3	3	15002	0.028207	0.076825	0.011997	0.009364	2.0123e-05	0.431943328478987
DropViz_FC_level2	Neuron_Slc17a7_Syt6-Kit.3_12	3	15002	0.021902	0.060583	0.011987	0.033849	6.4004e-05	0.350626317989598
DropViz_FC_level2	Neuron_Slc17a7_Nptxr-Calb1.6_1	4	15002	0.023195	0.063052	0.014389	0.053494	3.3439e-05	0.28413022598429
DropViz_FC_level2	Neuron_Slc17a7_Nptxr-Ndst4.6_2	4	15002	0.018437	0.05084	0.013807	0.090894	5.1472e-05	0.242854619863085
DropViz_FC_level2	Neuron_Slc17a7-Slc17a6_Nptxr-Rorb.6_3	5	15002	0.025262	0.068803	0.017278	0.071868	2.0123e-05	0.243481606812586
DropViz_FC_level2	Neuron_Slc17a7_Nptxr-Calb1.6_1	5	15002	0.017894	0.048644	0.016508	0.13919	3.3439e-05	0.191340578228852
DropViz_FC_level2	Neuron_Slc17a7-Slc17a6_Nptxr-Rorb.6_3	6	15002	0.027129	0.07389	0.012924	0.017912	2.0123e-05	0.371963719142617
DropViz_FC_level2	Neuron_Slc17a7_Nptxr-Ndst4.6_2	6	15002	0.019208	0.052968	0.011849	0.052505	5.1472e-05	0.298430812351865
DropViz_GP_level2	Neuron_Gad1Gad2_Vipr2.3_10	7	15002	0.014534	0.043437	0.0049569	0.0016862	3.3109e-06	0.506033507578292
DropViz_GP_level2	Neuron_Gad1Gad2-Th_Adora2a-Th.3_9	7	15002	0.020342	0.055484	0.0083523	0.0074422	1.3379e-05	0.436701615366722
DropViz_PC_level2	Neuron_Slc17a7-Slc17a6_Rorb-Pcdh20.2_10	8	15002	NA	NA	NA	NA	1.1417e-05	NA
DropViz_PC_level2	Neuron_Sc17a7_Rorb-Gpr83.2_11	8	15002	NA	NA	NA	NA	1.8e-05	NA
DropViz_PC_level2	Neuron_Sc17a7_Fermt1.2_12	9	15002	0.029972	0.082554	0.011632	0.0049929	6.788e-06	0.445342910128362
DropViz_PC_level2	Neuron_Slc17a7-Slc17a6_Rorb-Pcdh20.2_10	9	15002	0.030375	0.083861	0.012781	0.0087444	1.1417e-05	0.416447473977822
DropViz_PC_level2	Neuron_Slc17a7-Slc17a6_Rorb-Pcdh20.2_10	10	15002	0.032014	0.088387	0.014586	0.014095	1.1417e-05	0.374497601226619
DropViz_PC_level2	Neuron_Slc17a7-Slc17a6_Calb1-Rorb-Il1rapl2.2_13	10	15002	0.024447	0.067306	0.015639	0.059018	3.9888e-05	0.279375186093574
DropViz_PC_level2	Neuron_Sc17a7_Rorb-BC006965.2_9	11	15002	NA	NA	NA	NA	2.44e-06	NA
DropViz_PC_level2	Neuron_Slc17a7-Slc17a6_Rorb-Pcdh20.2_10	11	15002	NA	NA	NA	NA	1.1417e-05	NA
DropViz_PC_level2	Neuron_Sc17a7_Fermt1.2_12	12	15002	0.030343	0.083576	0.011821	0.0051379	6.788e-06	0.442937306741519
DropViz_PC_level2	Neuron_Sc17a7_Rorb-Gpr83.2_11	12	15002	0.029503	0.081221	0.013564	0.014819	1.8e-05	0.385518684462649
DropViz_PC_level2	Neuron_Sc17a7_Rorb-Gpr83.2_11	13	15002	0.031035	0.085436	0.016261	0.028173	1.8e-05	0.32671357973679
DropViz_PC_level2	Neuron_Slc17a7-Slc17a6_Calb1-Rorb-Il1rapl2.2_13	13	15002	0.024392	0.067157	0.016696	0.072028	3.9888e-05	0.259708496927654
DropViz_PC_level2	Neuron_Sc17a7_Rorb-BC006965.2_9	14	15002	NA	NA	NA	NA	2.44e-06	NA
DropViz_PC_level2	Neuron_Sc17a7_Rorb-Gpr83.2_11	14	15002	NA	NA	NA	NA	1.8e-05	NA
DropViz_PC_level2	Neuron_Sc17a7_Fermt1.2_12	15	15002	0.031464	0.086664	0.01209	0.004634	6.788e-06	0.451611335080123
DropViz_PC_level2	Neuron_Slc17a7-Slc17a6_Calb1-Rorb-Il1rapl2.2_13	15	15002	0.026292	0.072386	0.014244	0.032471	3.9888e-05	0.338361210189028
DropViz_PC_level2	Neuron_Sc17a7_Rorb-BC006965.2_9	16	15002	0.034018	0.093944	0.013388	0.0055324	2.44e-06	0.402145589576365
DropViz_PC_level2	Neuron_Sc17a7_Fermt1.2_12	16	15002	0.026017	0.071663	0.012265	0.016957	6.788e-06	0.342601109085326
DropViz_PC_level2	Neuron_Sc17a7_Rorb-BC006965.2_9	17	15002	NA	NA	NA	NA	2.44e-06	NA
DropViz_PC_level2	Neuron_Slc17a7-Slc17a6_Calb1-Rorb-Il1rapl2.2_13	17	15002	NA	NA	NA	NA	3.9888e-05	NA
DropViz_STR_level2	Neuron_Gad1Gad2_Adora2a-Nefm.11_1	18	15002	NA	NA	NA	NA	2.4658e-05	NA
DropViz_STR_level2	Neuron_Gad1Gad2_Drd1-Lypd1.10_2	18	15002	NA	NA	NA	NA	5.7865e-05	NA
DropViz_STR_level2	Neuron_Gad1Gad2_Adora2a-Nnat.11_2	19	15002	NA	NA	NA	NA	3.127e-05	NA
DropViz_STR_level2	Neuron_Gad1Gad2_Drd1-Lypd1.10_2	19	15002	NA	NA	NA	NA	5.7865e-05	NA
DropViz_STR_level2	Neuron_Gad1Gad2_Adora2a-Fos.11_3	20	15002	0.019259	0.054079	0.014542	0.092701	3.6591e-05	0.232815577824819
DropViz_STR_level2	Neuron_Gad1Gad2_Drd1-Lypd1.10_2	20	15002	0.014711	0.040975	0.015609	0.17299	5.7865e-05	0.179814487140449
DropViz_STR_level2	Neuron_Gad1Gad2_Drd1-Otof-Sorcs1.13_2	21	15002	0.017759	0.04994	0.0097719	0.034592	3.5538e-05	0.328371209753012
DropViz_STR_level2	Neuron_Gad1Gad2_Drd1-Lypd1.10_2	21	15002	0.017767	0.049487	0.011513	0.061395	5.7865e-05	0.285980639943223
DropViz_STR_level2	Neuron_Gad1Gad2_Adora2a-Nefm.11_1	22	15002	NA	NA	NA	NA	2.4658e-05	NA
DropViz_STR_level2	Neuron_Gad1Gad2_Adora2a-Nnat.11_2	22	15002	NA	NA	NA	NA	3.127e-05	NA
DropViz_STR_level2	Neuron_Gad1Gad2_Adora2a-Nefm.11_1	23	15002	NA	NA	NA	NA	2.4658e-05	NA
DropViz_STR_level2	Neuron_Gad1Gad2_Adora2a-Fos.11_3	23	15002	NA	NA	NA	NA	3.6591e-05	NA
DropViz_STR_level2	Neuron_Gad1Gad2_Adora2a-Nefm.11_1	24	15002	0.020656	0.057365	0.010927	0.029365	2.4658e-05	0.332499127473841
DropViz_STR_level2	Neuron_Gad1Gad2_Drd1-Otof-Sorcs1.13_2	24	15002	0.016146	0.045403	0.0095121	0.044824	3.5538e-05	0.303078521081059
DropViz_STR_level2	Neuron_Gad1Gad2_Adora2a-Nnat.11_2	25	15002	0.019514	0.054199	0.017951	0.13852	3.127e-05	0.190568676422149
DropViz_STR_level2	Neuron_Gad1Gad2_Adora2a-Fos.11_3	25	15002	0.015302	0.042966	0.016272	0.17353	3.6591e-05	0.171442325986216
DropViz_STR_level2	Neuron_Gad1Gad2_Adora2a-Nnat.11_2	26	15002	0.020713	0.057531	0.011778	0.039327	3.127e-05	0.311953179750693
DropViz_STR_level2	Neuron_Gad1Gad2_Drd1-Otof-Sorcs1.13_2	26	15002	0.016423	0.046184	0.009727	0.045677	3.5538e-05	0.30123846759777
DropViz_STR_level2	Neuron_Gad1Gad2_Drd1-Otof-Sorcs1.13_2	27	15002	0.017407	0.048949	0.0090431	0.027134	3.5538e-05	0.352074193432562
DropViz_STR_level2	Neuron_Gad1Gad2_Adora2a-Fos.11_3	27	15002	0.018962	0.053245	0.0099255	0.028048	3.6591e-05	0.349837511364021
