No	GenomicLocus	uniqID	rsID	chr	pos	p	nSNPs	nGWASSNPs
1	1	1:113767158:C:T	rs12136119	1	113767158	7.271e-06	3	2
2	2	1:117487270:A:G	rs56209138	1	117487270	3.119e-06	1	1
3	3	2:166764598:C:T	rs11897687	2	166764598	2.301e-07	101	84
4	4	2:171570488:C:G	rs7563812	2	171570488	4.806e-06	108	97
5	5	3:107516274:C:T	rs147914433	3	107516274	4.8e-06	7	7
6	6	3:133798818:A:G	rs6439455	3	133798818	7.208e-06	7	6
7	7	4:110581987:A:T	rs13112432	4	110581987	1.625e-06	92	81
8	8	4:126645826:A:G	rs7686488	4	126645826	3.855e-06	74	67
9	9	4:184324273:A:G	rs7672451	4	184324273	6.22e-06	93	1
10	10	5:676094:A:G	rs78043449	5	676094	8.53e-06	5	4
11	11	5:62333034:C:T	rs114928851	5	62333034	1.182e-06	4	3
12	12	5:115277413:A:C	rs61635863	5	115277413	4.077e-06	30	30
13	12	5:115327768:C:G	rs55991334	5	115327768	6.62e-06	12	12
14	13	5:160308065:C:T	rs72820541	5	160308065	1.638e-06	5	5
15	14	6:67482005:A:G	rs141608583	6	67482005	7.214e-06	1	1
16	15	6:139979348:A:G	rs12203761	6	139979348	5.61e-06	2	2
17	16	6:154420368:A:C	rs790513	6	154420368	1.927e-06	96	85
18	16	6:154461822:C:T	rs13193545	6	154461822	8.704e-06	4	4
19	17	6:170380917:C:G	rs145688801	6	170380917	7.234e-06	3	3
20	18	7:41904569:C:T	rs141944683	7	41904569	5.19e-06	1	1
21	19	7:131226911:G:T	rs7807320	7	131226911	4.027e-06	1	1
22	20	9:126923713:A:C	rs74881043	9	126923713	7.665e-07	1	1
23	21	9:136547141:C:T	rs148329862	9	136547141	5.521e-06	2	2
24	22	10:30224064:C:T	rs1756759	10	30224064	4.122e-06	22	20
25	22	10:30227839:A:G	rs9299631	10	30227839	4.485e-06	1	1
26	23	10:85624922:A:C	rs4290164	10	85624922	9.923e-06	12	12
27	24	10:135312901:C:T	rs11599778	10	135312901	6.668e-07	25	24
28	25	12:73442704:A:G	rs7974733	12	73442704	1.619e-06	31	25
29	25	12:73576555:A:C	rs538489501	12	73576555	1.618e-06	4	1
30	26	12:98903418:C:T	rs4762493	12	98903418	9.309e-06	8	6
31	27	13:19465036:C:T	rs150064730	13	19465036	6.807e-06	1	1
32	28	13:107847640:C:T	rs4479098	13	107847640	5.816e-06	1	1
33	29	19:7643228:G:T	rs7259351	19	7643228	2.252e-06	29	24
34	29	19:7661813:A:G	rs1674033	19	7661813	2.1e-06	8	7
35	30	20:57467403:A:G	rs62205364	20	57467403	4.18e-06	1	1
36	31	22:28068309:A:G	rs134088	22	28068309	8.842e-06	25	12
