Dataset	Cell_type	MODEL	NGENES	BETA	BETA_STD	SE	P	CDM.BETA	CDM.BETA_STD	CDM.SE	CDM.P	CDM.ds	Marginal.P	PS	PS.avg
DropViz_TH_level2	Neuron_Slc17a6_Rora_Cacng4.2_10	1	15085	0.011576	0.030902	0.0093503	0.10787	0.030813	0.082259	0.0080558	6.5664e-05	DropViz_STR_level2	0.00029836	0.231215636189823	1.18648649328805
DropViz_STR_level2	Neuron_Gad1Gad2_Drd1-Cxcl14.10_5	1	15085	0.033215	0.093456	0.0082085	2.6139e-05	0.038382	0.10799	0.0070684	2.8618e-08	DropViz_TH_level2	3.9633e-08	0.607515827620008	1.01910547905201
DropViz_TH_level2	Neuron_Gad1Gad2_Gata3.3_6	2	15085	0.012091	0.032864	0.0075438	0.054502	0.023798	0.064684	0.0070987	0.00040159	DropViz_STR_level2	0.0004187	0.372057356652669	1.0053639877081
DropViz_STR_level2	Neuron_Gad1Gad2_Drd1-Cxcl14.10_5	2	15085	0.034284	0.096462	0.0075164	2.5649e-06	0.038382	0.10799	0.0070684	2.8618e-08	DropViz_TH_level2	3.9633e-08	0.741172239997817	1.01910547905201
DropViz_TH_level2	Neuron_Slc17a6_Rora_Cacng4.2_10	3	NA	NA	NA	NA	NA	NA	NA	NA	NA	NA	0.00029836	NA	NA
DropViz_SN_level2	Neuron_Slc17a6.2_1	3	NA	NA	NA	NA	NA	NA	NA	NA	NA	NA	1.5379e-05	NA	NA
DropViz_TH_level2	Neuron_Slc17a6_Rora_Cacng4.2_10	4	NA	NA	NA	NA	NA	NA	NA	NA	NA	NA	0.00029836	NA	NA
DropViz_SN_level2	Neuron_Gad1Gad2_Gad2.3_3	4	NA	NA	NA	NA	NA	NA	NA	NA	NA	NA	0.00010035	NA	NA
DropViz_TH_level2	Neuron_Slc17a6_Rora_Cacng4.2_10	5	NA	NA	NA	NA	NA	NA	NA	NA	NA	NA	0.00029836	NA	NA
DropViz_SN_level2	Neuron_Th_Cbln1.4_2	5	NA	NA	NA	NA	NA	NA	NA	NA	NA	NA	0.00017627	NA	NA
DropViz_TH_level2	Neuron_Gad1Gad2_Gata3.3_6	6	NA	NA	NA	NA	NA	NA	NA	NA	NA	NA	0.0004187	NA	NA
DropViz_SN_level2	Neuron_Slc17a6.2_1	6	NA	NA	NA	NA	NA	NA	NA	NA	NA	NA	1.5379e-05	NA	NA
DropViz_TH_level2	Neuron_Gad1Gad2_Gata3.3_6	7	NA	NA	NA	NA	NA	NA	NA	NA	NA	NA	0.0004187	NA	NA
DropViz_SN_level2	Neuron_Gad1Gad2_Gad2.3_3	7	NA	NA	NA	NA	NA	NA	NA	NA	NA	NA	0.00010035	NA	NA
DropViz_TH_level2	Neuron_Gad1Gad2_Gata3.3_6	8	NA	NA	NA	NA	NA	NA	NA	NA	NA	NA	0.0004187	NA	NA
DropViz_SN_level2	Neuron_Th_Cbln1.4_2	8	NA	NA	NA	NA	NA	NA	NA	NA	NA	NA	0.00017627	NA	NA
DropViz_TH_level2	Neuron_Slc17a6_Rora_Cacng4.2_10	9	15085	0.016078	0.042922	0.0081702	0.02455	0.024275	0.064804	0.0077015	0.00081247	DropViz_PC_level2	0.00029836	0.520986448898445	0.876585894587273
DropViz_PC_level2	Neuron_Slc17a7_Syt6-Sla.1_4	9	15085	0.037805	0.10477	0.012608	0.0013585	0.046106	0.12778	0.011882	5.2406e-05	DropViz_TH_level2	3.8901e-05	0.669749016585324	0.970653266316238
DropViz_TH_level2	Neuron_Slc17a6_Rora_Cacng4.2_10	10	15085	0.015189	0.040547	0.0086108	0.038885	0.024275	0.064804	0.0077015	0.00081247	DropViz_PC_level2	0.00029836	0.456352742068104	0.876585894587273
DropViz_PC_level2	Neuron_Slc17a7-Slc17a6_Rorb-Pcdh20.2_10	10	15085	0.031595	0.087232	0.013401	0.0091991	0.042175	0.11644	0.011984	0.00021717	DropViz_TH_level2	0.00014405	0.555867702094966	0.953589174993974
DropViz_TH_level2	Neuron_Slc17a6_Rora_Cacng4.2_10	11	15085	0.017789	0.047488	0.0083964	0.01707	0.024275	0.064804	0.0077015	0.00081247	DropViz_PC_level2	0.00029836	0.572057042998879	0.876585894587273
DropViz_PC_level2	Neuron_Gad1Gad2_Pvalb-Nefm.5_2	11	15085	0.016478	0.044978	0.008501	0.026301	0.023656	0.064571	0.0077976	0.00121	DropViz_TH_level2	0.0017772	0.541622039958505	1.06070360981375
DropViz_TH_level2	Neuron_Slc17a6_Rora_Cacng4.2_10	12	15085	0.021707	0.057948	0.0077953	0.0026834	0.024275	0.064804	0.0077015	0.00081247	DropViz_PC_level2	0.00029836	0.832088760270705	0.876585894587273
DropViz_PC_level2	Neuron_Gad1Gad2-Chat_Synpr-Slc5a7.4_8	12	15085	0.016785	0.046812	0.0079202	0.017041	0.020214	0.056375	0.0078258	0.0049022	DropViz_TH_level2	0.0048746	0.765716163720926	0.998939456416858
DropViz_TH_level2	Neuron_Gad1Gad2_Gata3.3_6	13	15085	0.01617	0.043951	0.0077355	0.018302	0.021417	0.058211	0.0075813	0.0023679	DropViz_PC_level2	0.0004187	0.661744820618984	0.777253173037233
DropViz_PC_level2	Neuron_Slc17a7_Syt6-Sla.1_4	13	15085	0.041024	0.11369	0.012127	0.00035967	0.046106	0.12778	0.011882	5.2406e-05	DropViz_TH_level2	3.8901e-05	0.80457891607518	0.970653266316238
DropViz_TH_level2	Neuron_Gad1Gad2_Gata3.3_6	14	15085	0.016772	0.045587	0.0077338	0.015063	0.021417	0.058211	0.0075813	0.0023679	DropViz_PC_level2	0.0004187	0.693960654886526	0.777253173037233
DropViz_PC_level2	Neuron_Slc17a7-Slc17a6_Rorb-Pcdh20.2_10	14	15085	0.036897	0.10187	0.012227	0.0012763	0.042175	0.11644	0.011984	0.00021717	DropViz_TH_level2	0.00014405	0.790032511881018	0.953589174993974
DropViz_TH_level2	Neuron_Gad1Gad2_Gata3.3_6	15	15085	0.015146	0.041168	0.0081124	0.030959	0.021417	0.058211	0.0075813	0.0023679	DropViz_PC_level2	0.0004187	0.574798908348806	0.777253173037233
DropViz_PC_level2	Neuron_Gad1Gad2_Pvalb-Nefm.5_2	15	15085	0.018106	0.049423	0.0083443	0.015015	0.023656	0.064571	0.0077976	0.00121	DropViz_TH_level2	0.0017772	0.625073878661717	1.06070360981375
DropViz_TH_level2	Neuron_Gad1Gad2_Gata3.3_6	16	15085	0.016598	0.045113	0.0080918	0.020134	0.021417	0.058211	0.0075813	0.0023679	DropViz_PC_level2	0.0004187	0.645965214031248	0.777253173037233
DropViz_PC_level2	Neuron_Gad1Gad2-Chat_Synpr-Slc5a7.4_8	16	15085	0.014222	0.039664	0.0083523	0.044315	0.020214	0.056375	0.0078258	0.0049022	DropViz_TH_level2	0.0048746	0.586007961251321	0.998939456416858
DropViz_TH_level2	Neuron_Slc17a6_Rora_Cacng4.2_10	17	15085	0.022243	0.05938	0.0076692	0.0018668	0.02549	0.068047	0.007601	0.00040004	DropViz_HC_level2	0.00029836	0.803115145625296	0.96387136218401
DropViz_HC_level2	Neuron_Slc17a7_C1ql2-Penk.4_2	17	15085	0.029576	0.082159	0.0094547	0.00088117	0.033287	0.092469	0.0093701	0.00019143	DropViz_TH_level2	5.9552e-05	0.821664473697947	0.879976045542576
DropViz_TH_level2	Neuron_Slc17a6_Rora_Cacng4.2_10	18	15085	0.017458	0.046606	0.0085176	0.020208	0.02549	0.068047	0.007601	0.00040004	DropViz_HC_level2	0.00029836	0.498684002352124	0.96387136218401
DropViz_HC_level2	Neuron_Slc17a7_Pvrl3-Grm5.6_2	18	15085	0.016588	0.045593	0.0079421	0.018378	0.023938	0.065792	0.0070874	0.00036674	DropViz_TH_level2	0.00013564	0.505204527886067	0.888310803902751
DropViz_TH_level2	Neuron_Slc17a6_Rora_Cacng4.2_10	19	15085	0.020994	0.056045	0.0080232	0.0044442	0.02549	0.068047	0.007601	0.00040004	DropViz_HC_level2	0.00029836	0.692253677714625	0.96387136218401
DropViz_HC_level2	Neuron_Slc17a7_Nxph3-Sema3c.3_10	19	15085	0.018072	0.050785	0.010331	0.040124	0.026731	0.075117	0.0097885	0.0031621	DropViz_TH_level2	0.0010061	0.558632859088218	0.834075772736921
DropViz_TH_level2	Neuron_Slc17a6_Rora_Cacng4.2_10	20	15085	0.019581	0.052272	0.0081824	0.0083616	0.02549	0.068047	0.007601	0.00040004	DropViz_HC_level2	0.00029836	0.611469643699297	0.96387136218401
DropViz_HC_level2	Neuron_Gad1Gad2_Pvalb_Tac1.1_6	20	15085	0.0162	0.044996	0.0083099	0.02563	0.023567	0.065457	0.00772	0.0011361	DropViz_TH_level2	0.0018428	0.540399491525211	1.07681841995745
DropViz_TH_level2	Neuron_Gad1Gad2_Gata3.3_6	21	15085	0.019678	0.053485	0.0075713	0.0046801	0.020243	0.05502	0.0075726	0.0037616	DropViz_HC_level2	0.0004187	0.960867174291704	0.717749478522623
DropViz_HC_level2	Neuron_Slc17a7_C1ql2-Penk.4_2	21	15085	0.032768	0.091025	0.0093704	0.00023604	0.033287	0.092469	0.0093701	0.00019143	DropViz_TH_level2	5.9552e-05	0.975530970602716	0.879976045542576
DropViz_TH_level2	Neuron_Gad1Gad2_Gata3.3_6	22	15085	0.015926	0.043287	0.0077136	0.019489	0.020243	0.05502	0.0075726	0.0037616	DropViz_HC_level2	0.0004187	0.705349800428189	0.717749478522623
DropViz_HC_level2	Neuron_Slc17a7_Pvrl3-Grm5.6_2	22	15085	0.02108	0.057938	0.0072205	0.001756	0.023938	0.065792	0.0070874	0.00036674	DropViz_TH_level2	0.00013564	0.802026437422411	0.888310803902751
DropViz_TH_level2	Neuron_Gad1Gad2_Gata3.3_6	23	15085	0.016915	0.045976	0.0077129	0.01416	0.020243	0.05502	0.0075726	0.0037616	DropViz_HC_level2	0.0004187	0.762565314419002	0.717749478522623
DropViz_HC_level2	Neuron_Slc17a7_Nxph3-Sema3c.3_10	23	15085	0.022563	0.063404	0.00997	0.011823	0.026731	0.075117	0.0097885	0.0031621	DropViz_TH_level2	0.0010061	0.77090140022446	0.834075772736921
DropViz_TH_level2	Neuron_Gad1Gad2_Gata3.3_6	24	15085	0.013284	0.036107	0.0082121	0.052883	0.020243	0.05502	0.0075726	0.0037616	DropViz_HC_level2	0.0004187	0.526548500578974	0.717749478522623
DropViz_HC_level2	Neuron_Gad1Gad2_Pvalb_Tac1.1_6	24	15085	0.018323	0.050892	0.0083726	0.014329	0.023567	0.065457	0.00772	0.0011361	DropViz_TH_level2	0.0018428	0.626161273671823	1.07681841995745
DropViz_TH_level2	Neuron_Slc17a6_Rora_Cacng4.2_10	25	15085	0.0089256	0.023828	0.0092908	0.16836	0.028629	0.076427	0.0078871	0.00014233	DropViz_GP_level2	0.00029836	0.201149132689036	1.09118311945668
DropViz_GP_level2	Neuron_Gad1Gad2-Th_Adora2a-Th.3_9	25	15085	0.035076	0.095669	0.0087537	3.0907e-05	0.039527	0.10781	0.0074272	5.213e-08	DropViz_TH_level2	1.7605e-07	0.61924996176188	1.07825286093262
DropViz_TH_level2	Neuron_Slc17a6_Rora_Cacng4.2_10	26	15085	0.024676	0.065875	0.0082409	0.0013776	0.028629	0.076427	0.0078871	0.00014233	DropViz_GP_level2	0.00029836	0.743721690071736	1.09118311945668
DropViz_GP_level2	Neuron_Gad1Gad2_Lamp5-Cplx3.2_22	26	15085	0.0062871	0.019639	0.0038023	0.049128	0.0095896	0.029956	0.0036399	0.0042168	DropViz_TH_level2	0.0043559	0.551015389528976	1.00597008166368
DropViz_TH_level2	Neuron_Gad1Gad2_Gata3.3_6	27	15085	0.010031	0.027264	0.0078468	0.10058	0.023936	0.06506	0.0071655	0.00041925	DropViz_GP_level2	0.0004187	0.295330989142568	0.99983123327119
DropViz_GP_level2	Neuron_Gad1Gad2-Th_Adora2a-Th.3_9	27	15085	0.035273	0.096207	0.0081383	7.3658e-06	0.039527	0.10781	0.0074272	5.213e-08	DropViz_TH_level2	1.7605e-07	0.704770273709951	1.07825286093262
DropViz_TH_level2	Neuron_Gad1Gad2_Gata3.3_6	28	15085	0.020818	0.056585	0.0073399	0.0022852	0.023936	0.06506	0.0071655	0.00041925	DropViz_GP_level2	0.0004187	0.781955507786558	0.99983123327119
DropViz_GP_level2	Neuron_Gad1Gad2_Lamp5-Cplx3.2_22	28	15085	0.0072938	0.022784	0.0037279	0.025211	0.0095896	0.029956	0.0036399	0.0042168	DropViz_TH_level2	0.0043559	0.673009889929891	1.00597008166368
DropViz_TH_level2	Neuron_Slc17a6_Rora_Cacng4.2_10	29	15085	0.020417	0.054504	0.0078185	0.0045146	0.025273	0.067468	0.0076101	0.00044969	DropViz_FC_level2	0.00029836	0.700723011964286	0.949458291926809
DropViz_FC_level2	Neuron_Gad1Gad2_Synpr-Pcdh11x.1_6	29	15085	0.023108	0.063632	0.0085657	0.0034954	0.028258	0.077815	0.0083373	0.0003513	DropViz_TH_level2	0.0002541	0.711139038174101	0.960869633578084
DropViz_TH_level2	Neuron_Slc17a6_Rora_Cacng4.2_10	30	15085	0.017492	0.046695	0.0086076	0.021081	0.025273	0.067468	0.0076101	0.00044969	DropViz_FC_level2	0.00029836	0.500766459591976	0.949458291926809
DropViz_FC_level2	Neuron_Slc17a7_Syt6-Kit.3_12	30	15085	0.023612	0.065296	0.012209	0.026567	0.035209	0.097366	0.010794	0.00055484	DropViz_TH_level2	0.00028156	0.483949223908127	0.917025012210852
DropViz_TH_level2	Neuron_Gad1Gad2_Gata3.3_6	31	15085	0.013923	0.037843	0.0080125	0.041149	0.021315	0.057936	0.0074559	0.0021288	DropViz_FC_level2	0.0004187	0.518604286785487	0.79093794746689
DropViz_FC_level2	Neuron_Gad1Gad2_Synpr-Pcdh11x.1_6	31	15085	0.022549	0.062093	0.0089608	0.0059339	0.028258	0.077815	0.0083373	0.0003513	DropViz_TH_level2	0.0002541	0.644601132547731	0.960869633578084
DropViz_TH_level2	Neuron_Gad1Gad2_Gata3.3_6	32	15085	0.01561	0.042429	0.0077837	0.022466	0.021315	0.057936	0.0074559	0.0021288	DropViz_FC_level2	0.0004187	0.616975094186214	0.79093794746689
DropViz_FC_level2	Neuron_Slc17a7_Syt6-Kit.3_12	32	15085	0.028704	0.079379	0.01127	0.005438	0.035209	0.097366	0.010794	0.00055484	DropViz_TH_level2	0.00028156	0.695539767391812	0.917025012210852
DropViz_TH_level2	Neuron_Slc17a6_Rora_Cacng4.2_10	33	15085	0.019532	0.052142	0.010785	0.035075	0.020581	0.054942	0.010441	0.024362	DropViz_ENT_level2	0.00029836	0.901886809449885	0.457636411222887
DropViz_ENT_level2	Neuron_Slc17a6_Pitx2.4_6	33	15085	0.0028702	0.0078512	0.0073915	0.34889	0.0062223	0.017021	0.0071566	0.1923	DropViz_TH_level2	0.0013225	0.638684703107361	0.248738845753359
DropViz_TH_level2	Neuron_Gad1Gad2_Gata3.3_6	34	15085	0.019289	0.05243	0.0084943	0.011585	0.018558	0.050441	0.0076571	0.00769	DropViz_ENT_level2	0.0004187	0.915816699448473	0.625817919297048
DropViz_ENT_level2	Neuron_Slc17a6_Pitx2.4_6	34	15085	-0.0015795	-0.0043205	0.0079375	0.57886	0.0062223	0.017021	0.0071566	0.1923	DropViz_TH_level2	0.0013225	0.331591606917759	0.248738845753359
DropViz_TH_level2	Neuron_Slc17a6_Rora_Cacng4.2_10	35	15085	0.014896	0.039766	0.0096163	0.060699	0.022255	0.059411	0.0090881	0.0071731	DropViz_CB_level2	0.00029836	0.567468344438653	0.608265341753202
DropViz_CB_level2	Neuron_Slc17a7_Gabra6.1_1	35	15085	0.015995	0.045049	0.0068404	0.0096944	0.019462	0.054816	0.006464	0.0013048	DropViz_TH_level2	3.6591e-05	0.698044632530957	0.650146357402558
DropViz_TH_level2	Neuron_Slc17a6_Rora_Cacng4.2_10	36	15085	0.019026	0.05079	0.009234	0.019691	0.022255	0.059411	0.0090881	0.0071731	DropViz_CB_level2	0.00029836	0.795475308939485	0.608265341753202
DropViz_CB_level2	Neuron_Slc17a6_Nrgn.4_3	36	15085	0.0076234	0.023633	0.003872	0.024496	0.0090404	0.028026	0.0038109	0.0088465	DropViz_TH_level2	0.00035907	0.784571620938853	0.596033463187317
DropViz_TH_level2	Neuron_Gad1Gad2_Gata3.3_6	37	15085	0.014578	0.039623	0.0078572	0.031785	0.019988	0.054328	0.0075067	0.0038803	DropViz_CB_level2	0.0004187	0.621192082952956	0.713755309074772
DropViz_CB_level2	Neuron_Slc17a7_Gabra6.1_1	37	15085	0.015748	0.044355	0.0067664	0.0099778	0.019462	0.054816	0.006464	0.0013048	DropViz_TH_level2	3.6591e-05	0.693706255000747	0.650146357402558
DropViz_TH_level2	Neuron_Gad1Gad2_Gata3.3_6	38	15085	0.015499	0.042128	0.0080916	0.027725	0.019988	0.054328	0.0075067	0.0038803	DropViz_CB_level2	0.0004187	0.645807323668453	0.713755309074772
DropViz_CB_level2	Neuron_Slc17a6_Nrgn.4_3	38	15085	0.0061026	0.018918	0.0041076	0.068694	0.0090404	0.028026	0.0038109	0.0088465	DropViz_TH_level2	0.00035907	0.566464562498741	0.596033463187317
DropViz_STR_level2	Neuron_Gad1Gad2_Drd1-Cxcl14.10_5	39	15085	0.031761	0.089364	0.0074455	1.0024e-05	0.037801	0.10636	0.0071566	6.4866e-08	DropViz_SN_level2	3.9633e-08	0.695460607501654	0.971094053422615
DropViz_SN_level2	Neuron_Slc17a6.2_1	39	15085	0.018877	0.052699	0.0064404	0.0016918	0.02648	0.073926	0.0061926	9.5707e-06	DropViz_STR_level2	1.5379e-05	0.552225521187891	1.04279686609542
DropViz_STR_level2	Neuron_Gad1Gad2_Drd1-Cxcl14.10_5	40	15085	0.032018	0.090088	0.0080919	3.8163e-05	0.037801	0.10636	0.0071566	6.4866e-08	DropViz_SN_level2	3.9633e-08	0.614686702101274	0.971094053422615
DropViz_SN_level2	Neuron_Gad1Gad2_Gad2.3_3	40	15085	0.013968	0.037143	0.0091246	0.062919	0.030821	0.081958	0.0080737	6.7697e-05	DropViz_STR_level2	0.00010035	0.288101256594973	1.04275320656111
DropViz_STR_level2	Neuron_Gad1Gad2_Drd1-Cxcl14.10_5	41	15085	0.032729	0.092088	0.0074907	6.2761e-06	0.037801	0.10636	0.0071566	6.4866e-08	DropViz_SN_level2	3.9633e-08	0.723751048162431	0.971094053422615
DropViz_SN_level2	Neuron_Th_Cbln1.4_2	41	15085	0.011913	0.034702	0.0052046	0.011049	0.018639	0.054295	0.0049749	8.9968e-05	DropViz_STR_level2	0.00017627	0.483618293829472	1.07781145984576
DropViz_STR_level2	Neuron_Gad1Gad2_Drd1-Cxcl14.10_5	42	15085	0.03045	0.085675	0.0078194	4.9496e-05	0.036711	0.10329	0.0071668	1.5283e-07	DropViz_PC_level2	3.9633e-08	0.631684517996016	0.92081110842708
DropViz_PC_level2	Neuron_Slc17a7_Syt6-Sla.1_4	42	15085	0.02392	0.066291	0.011954	0.022705	0.042547	0.11792	0.010961	5.2064e-05	DropViz_STR_level2	3.8901e-05	0.383773292227614	0.971298040910015
DropViz_STR_level2	Neuron_Gad1Gad2_Drd1-Cxcl14.10_5	43	15085	0.031393	0.088328	0.0077366	2.4912e-05	0.036711	0.10329	0.0071668	1.5283e-07	DropViz_PC_level2	3.9633e-08	0.675430209561851	0.92081110842708
DropViz_PC_level2	Neuron_Slc17a7-Slc17a6_Rorb-Pcdh20.2_10	43	15085	0.022925	0.063292	0.012567	0.034067	0.04214	0.11634	0.011647	0.00014881	DropViz_STR_level2	0.00014405	0.383466171591087	0.996324638080235
DropViz_STR_level2	Neuron_Gad1Gad2_Drd1-Cxcl14.10_5	44	15085	0.034175	0.096157	0.0072872	1.3801e-06	0.036711	0.10329	0.0071668	1.5283e-07	DropViz_PC_level2	3.9633e-08	0.859781221502369	0.92081110842708
DropViz_PC_level2	Neuron_Gad1Gad2_Pvalb-Nefm.5_2	44	15085	0.015549	0.042443	0.0081107	0.027621	0.022453	0.061288	0.0079819	0.0024572	DropViz_STR_level2	0.0017772	0.597327099113701	0.948839741326464
DropViz_STR_level2	Neuron_Gad1Gad2_Drd1-Cxcl14.10_5	45	15085	0.035149	0.098897	0.0072087	5.4742e-07	0.036711	0.10329	0.0071668	1.5283e-07	DropViz_PC_level2	3.9633e-08	0.91870173017979	0.92081110842708
DropViz_PC_level2	Neuron_Gad1Gad2-Chat_Synpr-Slc5a7.4_8	45	15085	0.015726	0.043859	0.0078856	0.023069	0.019904	0.05551	0.0078452	0.0055945	DropViz_STR_level2	0.0048746	0.72681959292592	0.974125988189371
DropViz_STR_level2	Neuron_Gad1Gad2_Drd1-Cxcl14.10_5	46	15085	0.031257	0.087946	0.0073913	1.1816e-05	0.03627	0.10205	0.0071137	1.7327e-07	DropViz_HC_level2	3.9633e-08	0.728786853619418	0.913446182502141
DropViz_HC_level2	Neuron_Slc17a7_C1ql2-Penk.4_2	46	15085	0.022802	0.063342	0.0091474	0.0063437	0.033328	0.092582	0.0088076	7.7479e-05	DropViz_STR_level2	5.9552e-05	0.534603681373058	0.972950330969233
DropViz_STR_level2	Neuron_Gad1Gad2_Drd1-Cxcl14.10_5	47	15085	0.031876	0.089689	0.0074782	1.0169e-05	0.03627	0.10205	0.0071137	1.7327e-07	DropViz_HC_level2	3.9633e-08	0.73842885447062	0.913446182502141
DropViz_HC_level2	Neuron_Slc17a7_Pvrl3-Grm5.6_2	47	15085	0.015614	0.042914	0.0082024	0.028493	0.026405	0.072575	0.0078066	0.0003602	DropViz_STR_level2	0.00013564	0.448753139605818	0.890331319850167
DropViz_STR_level2	Neuron_Gad1Gad2_Drd1-Cxcl14.10_5	48	15085	0.033248	0.093548	0.007559	5.491e-06	0.03627	0.10205	0.0071137	1.7327e-07	DropViz_HC_level2	3.9633e-08	0.778011143213394	0.913446182502141
DropViz_HC_level2	Neuron_Slc17a7_Nxph3-Sema3c.3_10	48	15085	0.011761	0.033051	0.009949	0.11858	0.026561	0.074639	0.0093688	0.0022943	DropViz_STR_level2	0.0010061	0.350839648381304	0.880558493688444
DropViz_STR_level2	Neuron_Gad1Gad2_Drd1-Cxcl14.10_5	49	15085	0.033885	0.095341	0.0072562	1.5214e-06	0.03627	0.10205	0.0071137	1.7327e-07	DropViz_HC_level2	3.9633e-08	0.860452383638603	0.913446182502141
DropViz_HC_level2	Neuron_Gad1Gad2_Pvalb_Tac1.1_6	49	15085	0.013475	0.037427	0.0080977	0.048062	0.020944	0.058174	0.007944	0.0041929	DropViz_STR_level2	0.0018428	0.554450558578263	0.869433733693607
DropViz_STR_level2	Neuron_Gad1Gad2_Drd1-Cxcl14.10_5	50	15085	0.025935	0.072971	0.0086728	0.0013956	0.038012	0.10695	0.0070517	3.5694e-08	DropViz_GP_level2	3.9633e-08	0.38338711582142	1.00614186405494
DropViz_GP_level2	Neuron_Gad1Gad2-Th_Adora2a-Th.3_9	50	15085	0.021489	0.05861	0.0089858	0.0083985	0.037137	0.10129	0.0073071	1.8888e-07	DropViz_STR_level2	1.7605e-07	0.308723332537805	0.995477006451315
DropViz_STR_level2	Neuron_Gad1Gad2_Drd1-Cxcl14.10_5	51	15085	0.035885	0.10097	0.0071467	2.599e-07	0.038012	0.10695	0.0070517	3.5694e-08	DropViz_GP_level2	3.9633e-08	0.884226641953473	1.00614186405494
DropViz_GP_level2	Neuron_Gad1Gad2_Lamp5-Cplx3.2_22	51	15085	0.0067538	0.021098	0.0036995	0.033967	0.0097824	0.030558	0.0036532	0.0037098	DropViz_STR_level2	0.0043559	0.60434168187667	1.02953397068252
DropViz_STR_level2	Neuron_Gad1Gad2_Drd1-Cxcl14.10_5	52	15085	0.034059	0.09583	0.0071719	1.0325e-06	0.036813	0.10358	0.0070995	1.0935e-07	DropViz_FC_level2	3.9633e-08	0.859927325094457	0.940453224652824
DropViz_FC_level2	Neuron_Gad1Gad2_Synpr-Pcdh11x.1_6	52	15085	0.022662	0.062406	0.0084547	0.0036806	0.028414	0.078245	0.0083739	0.00034643	DropViz_STR_level2	0.0002541	0.703413558196238	0.962556049109051
DropViz_STR_level2	Neuron_Gad1Gad2_Drd1-Cxcl14.10_5	53	15085	0.032717	0.092055	0.0079039	1.7513e-05	0.036813	0.10358	0.0070995	1.0935e-07	DropViz_FC_level2	3.9633e-08	0.683309241210175	0.940453224652824
DropViz_FC_level2	Neuron_Slc17a7_Syt6-Kit.3_12	53	15085	0.013094	0.036211	0.011108	0.11926	0.033306	0.092104	0.0099834	0.00042582	DropViz_STR_level2	0.00028156	0.273974229724888	0.949399045331773
DropViz_STR_level2	Neuron_Gad1Gad2_Drd1-Cxcl14.10_5	54	15085	0.037105	0.1044	0.0083522	4.4785e-06	0.038325	0.10783	0.0075823	2.1844e-07	DropViz_ENT_level2	3.9633e-08	0.803052720275618	0.899853968707528
DropViz_ENT_level2	Neuron_Slc17a6_Pitx2.4_6	54	15085	0.0021392	0.0058516	0.006143	0.36383	0.013582	0.037153	0.0055806	0.0074757	DropViz_STR_level2	0.0013225	0.206504986790865	0.738673294186094
DropViz_STR_level2	Neuron_Gad1Gad2_Drd1-Cxcl14.10_5	55	15085	0.03221	0.090627	0.0080423	3.1159e-05	0.036685	0.10322	0.0076353	7.8303e-07	DropViz_CB_level2	3.9633e-08	0.738004085832902	0.824948470305009
DropViz_CB_level2	Neuron_Slc17a7_Gabra6.1_1	55	15085	0.01182	0.033291	0.0066757	0.038325	0.020223	0.056958	0.0063408	0.00071455	DropViz_STR_level2	3.6591e-05	0.450264629913773	0.70909009998764
DropViz_STR_level2	Neuron_Gad1Gad2_Drd1-Cxcl14.10_5	56	15085	0.034461	0.09696	0.0078236	5.3352e-06	0.036685	0.10322	0.0076353	7.8303e-07	DropViz_CB_level2	3.9633e-08	0.863520789480735	0.824948470305009
DropViz_CB_level2	Neuron_Slc17a6_Nrgn.4_3	56	15085	0.0051446	0.015949	0.0039476	0.096263	0.0089382	0.027709	0.0038551	0.010216	DropViz_STR_level2	0.00035907	0.510639898810727	0.577887555281651
DropViz_SN_level2	Neuron_Slc17a6.2_1	57	15085	0.019623	0.054783	0.0064744	0.0012212	0.021314	0.059501	0.0064474	0.0004748	DropViz_PC_level2	1.5379e-05	0.876552607943277	0.69051311857628
DropViz_PC_level2	Neuron_Slc17a7_Syt6-Sla.1_4	57	15085	0.033728	0.093473	0.012114	0.0026856	0.03717	0.10301	0.012064	0.0010329	DropViz_SN_level2	3.8901e-05	0.861021048174491	0.677078267073074
DropViz_SN_level2	Neuron_Slc17a6.2_1	58	15085	0.018724	0.052271	0.006573	0.0021988	0.021314	0.059501	0.0064474	0.0004748	DropViz_PC_level2	1.5379e-05	0.799705983686882	0.69051311857628
DropViz_PC_level2	Neuron_Slc17a7-Slc17a6_Rorb-Pcdh20.2_10	58	15085	0.026275	0.072544	0.013009	0.02171	0.033504	0.092501	0.012762	0.0043335	DropViz_SN_level2	0.00014405	0.703862342179184	0.615168386787056
DropViz_SN_level2	Neuron_Slc17a6.2_1	59	15085	0.018198	0.050802	0.0065825	0.0028538	0.021314	0.059501	0.0064474	0.0004748	DropViz_PC_level2	1.5379e-05	0.765634020320659	0.69051311857628
DropViz_PC_level2	Neuron_Gad1Gad2_Pvalb-Nefm.5_2	59	15085	0.018542	0.050611	0.0079231	0.0096435	0.022972	0.062705	0.0077611	0.0015411	DropViz_SN_level2	0.0017772	0.716800870245327	1.02250892677225
DropViz_SN_level2	Neuron_Slc17a6.2_1	60	15085	0.019625	0.054787	0.0064926	0.0012551	0.021314	0.059501	0.0064474	0.0004748	DropViz_PC_level2	1.5379e-05	0.872974581082589	0.69051311857628
DropViz_PC_level2	Neuron_Gad1Gad2-Chat_Synpr-Slc5a7.4_8	60	15085	0.017235	0.048065	0.0078781	0.014356	0.020066	0.055961	0.0078245	0.0051718	DropViz_SN_level2	0.0048746	0.806070757994221	0.988883192316094
DropViz_SN_level2	Neuron_Gad1Gad2_Gad2.3_3	61	15085	NA	NA	NA	NA	0.022183	0.058988	0.0087876	0.0058008	DropViz_PC_level2	0.00010035	NA	0.55934020943775
DropViz_PC_level2	Neuron_Slc17a7_Syt6-Sla.1_4	61	15085	NA	NA	NA	NA	0.03717	0.10301	0.012064	0.0010329	DropViz_SN_level2	3.8901e-05	NA	0.677078267073074
DropViz_SN_level2	Neuron_Gad1Gad2_Gad2.3_3	62	15085	NA	NA	NA	NA	0.022183	0.058988	0.0087876	0.0058008	DropViz_PC_level2	0.00010035	NA	0.55934020943775
DropViz_PC_level2	Neuron_Slc17a7-Slc17a6_Rorb-Pcdh20.2_10	62	15085	NA	NA	NA	NA	0.033504	0.092501	0.012762	0.0043335	DropViz_SN_level2	0.00014405	NA	0.615168386787056
DropViz_SN_level2	Neuron_Gad1Gad2_Gad2.3_3	63	15085	0.012772	0.033963	0.0099582	0.099832	0.022183	0.058988	0.0087876	0.0058008	DropViz_PC_level2	0.00010035	0.447451290233131	0.55934020943775
DropViz_PC_level2	Neuron_Gad1Gad2_Pvalb-Nefm.5_2	63	15085	0.017663	0.048214	0.0087958	0.022322	0.022972	0.062705	0.0077611	0.0015411	DropViz_SN_level2	0.0017772	0.587186186452134	1.02250892677225
DropViz_SN_level2	Neuron_Gad1Gad2_Gad2.3_3	64	15085	0.015912	0.042311	0.0095018	0.047019	0.022183	0.058988	0.0087876	0.0058008	DropViz_PC_level2	0.00010035	0.593659478528452	0.55934020943775
DropViz_PC_level2	Neuron_Gad1Gad2-Chat_Synpr-Slc5a7.4_8	64	15085	0.014674	0.040925	0.0084605	0.041432	0.020066	0.055961	0.0078245	0.0051718	DropViz_SN_level2	0.0048746	0.60474515966539	0.988883192316094
DropViz_SN_level2	Neuron_Th_Cbln1.4_2	65	15085	0.012489	0.036379	0.0051377	0.0075389	0.01498	0.043635	0.0050463	0.0014992	DropViz_PC_level2	0.00017627	0.751624103914435	0.752337412585081
DropViz_PC_level2	Neuron_Slc17a7_Syt6-Sla.1_4	65	15085	0.031532	0.087388	0.012283	0.0051306	0.03717	0.10301	0.012064	0.0010329	DropViz_SN_level2	3.8901e-05	0.766870909056776	0.677078267073074
DropViz_SN_level2	Neuron_Th_Cbln1.4_2	66	15085	0.013011	0.0379	0.00513	0.0056081	0.01498	0.043635	0.0050463	0.0014992	DropViz_PC_level2	0.00017627	0.797121924188358	0.752337412585081
DropViz_PC_level2	Neuron_Slc17a7-Slc17a6_Rorb-Pcdh20.2_10	66	15085	0.027561	0.076093	0.012973	0.016823	0.033504	0.092501	0.012762	0.0043335	DropViz_SN_level2	0.00014405	0.750730231923834	0.615168386787056
DropViz_SN_level2	Neuron_Th_Cbln1.4_2	67	15085	0.012616	0.036751	0.0051371	0.0070315	0.01498	0.043635	0.0050463	0.0014992	DropViz_PC_level2	0.00017627	0.762338869106087	0.752337412585081
DropViz_PC_level2	Neuron_Gad1Gad2_Pvalb-Nefm.5_2	67	15085	0.019323	0.052743	0.0079007	0.0072348	0.022972	0.062705	0.0077611	0.0015411	DropViz_SN_level2	0.0017772	0.761182323470662	1.02250892677225
DropViz_SN_level2	Neuron_Th_Cbln1.4_2	68	15085	0.013012	0.037904	0.0051366	0.0056558	0.01498	0.043635	0.0050463	0.0014992	DropViz_PC_level2	0.00017627	0.79581947674272	0.752337412585081
DropViz_PC_level2	Neuron_Gad1Gad2-Chat_Synpr-Slc5a7.4_8	68	15085	0.016288	0.045425	0.0079638	0.020426	0.020066	0.055961	0.0078245	0.0051718	DropViz_SN_level2	0.0048746	0.739086558985653	0.988883192316094
DropViz_SN_level2	Neuron_Slc17a6.2_1	69	15085	0.021194	0.059167	0.0063142	0.00039568	0.021574	0.060229	0.0063141	0.00031768	DropViz_HC_level2	1.5379e-05	0.972740437697945	0.726772879440352
DropViz_HC_level2	Neuron_Slc17a7_C1ql2-Penk.4_2	69	15085	0.026379	0.073277	0.0095398	0.0028487	0.027077	0.075217	0.009541	0.0022734	DropViz_SN_level2	5.9552e-05	0.962936494138272	0.625623502810147
DropViz_SN_level2	Neuron_Slc17a6.2_1	70	15085	0.018662	0.052098	0.0064675	0.0019574	0.021574	0.060229	0.0063141	0.00031768	DropViz_HC_level2	1.5379e-05	0.7742460194526	0.726772879440352
DropViz_HC_level2	Neuron_Slc17a7_Pvrl3-Grm5.6_2	70	15085	0.015407	0.042345	0.0074237	0.018988	0.020055	0.055121	0.0072487	0.0028349	DropViz_SN_level2	0.00013564	0.675778717761684	0.658665375920008
DropViz_SN_level2	Neuron_Slc17a6.2_1	71	15085	0.020288	0.056637	0.0063736	0.00073013	0.021574	0.060229	0.0063141	0.00031768	DropViz_HC_level2	1.5379e-05	0.896681168355777	0.726772879440352
DropViz_HC_level2	Neuron_Slc17a7_Nxph3-Sema3c.3_10	71	15085	0.01495	0.04201	0.010113	0.069673	0.019345	0.054362	0.010021	0.026786	DropViz_SN_level2	0.0010061	0.73592091898485	0.52449246608436
DropViz_SN_level2	Neuron_Slc17a6.2_1	72	15085	0.018438	0.051472	0.0064596	0.0021598	0.021574	0.060229	0.0063141	0.00031768	DropViz_HC_level2	1.5379e-05	0.762029373040597	0.726772879440352
DropViz_HC_level2	Neuron_Gad1Gad2_Pvalb_Tac1.1_6	72	15085	0.018037	0.050099	0.0078636	0.010909	0.022789	0.063297	0.0076874	0.0015185	DropViz_SN_level2	0.0018428	0.696170211792323	1.03074153858873
DropViz_SN_level2	Neuron_Gad1Gad2_Gad2.3_3	73	15085	0.019502	0.051859	0.0087493	0.012916	0.020347	0.054107	0.008746	0.010004	DropViz_HC_level2	0.00010035	0.944518005215398	0.500146306838973
DropViz_HC_level2	Neuron_Slc17a7_C1ql2-Penk.4_2	73	15085	0.026332	0.073146	0.0095455	0.0029068	0.027077	0.075217	0.009541	0.0022734	DropViz_SN_level2	5.9552e-05	0.959619293724878	0.625623502810147
DropViz_SN_level2	Neuron_Gad1Gad2_Gad2.3_3	74	15085	0.015115	0.040192	0.0090506	0.047469	0.020347	0.054107	0.008746	0.010004	DropViz_HC_level2	0.00010035	0.661852434876537	0.500146306838973
DropViz_HC_level2	Neuron_Slc17a7_Pvrl3-Grm5.6_2	74	15085	0.016826	0.046245	0.0075017	0.012459	0.020055	0.055121	0.0072487	0.0028349	DropViz_SN_level2	0.00013564	0.74761335899364	0.658665375920008
DropViz_SN_level2	Neuron_Gad1Gad2_Gad2.3_3	75	15085	0.017251	0.045874	0.0090192	0.027903	0.020347	0.054107	0.008746	0.010004	DropViz_HC_level2	0.00010035	0.777242047340724	0.500146306838973
DropViz_HC_level2	Neuron_Slc17a7_Nxph3-Sema3c.3_10	75	15085	0.014515	0.040787	0.010334	0.080083	0.019345	0.054362	0.010021	0.026786	DropViz_SN_level2	0.0010061	0.697452548295418	0.52449246608436
DropViz_SN_level2	Neuron_Gad1Gad2_Gad2.3_3	76	15085	0.0098503	0.026193	0.010097	0.16464	0.020347	0.054107	0.008746	0.010004	DropViz_HC_level2	0.00010035	0.391766342879139	0.500146306838973
DropViz_HC_level2	Neuron_Gad1Gad2_Pvalb_Tac1.1_6	76	15085	0.018461	0.051276	0.0088757	0.018775	0.022789	0.063297	0.0076874	0.0015185	DropViz_SN_level2	0.0018428	0.612512991279985	1.03074153858873
DropViz_SN_level2	Neuron_Th_Cbln1.4_2	77	15085	0.014009	0.040807	0.0050545	0.0027931	0.014336	0.04176	0.0050543	0.0022847	DropViz_HC_level2	0.00017627	0.966962643038759	0.703595189894079
DropViz_HC_level2	Neuron_Slc17a7_C1ql2-Penk.4_2	77	15085	0.02646	0.073502	0.0095413	0.0027792	0.027077	0.075217	0.009541	0.0022734	DropViz_SN_level2	5.9552e-05	0.966994609559652	0.625623502810147
DropViz_SN_level2	Neuron_Th_Cbln1.4_2	78	15085	0.012147	0.035382	0.0051442	0.0091147	0.014336	0.04176	0.0050543	0.0022847	DropViz_HC_level2	0.00017627	0.772482266933241	0.703595189894079
DropViz_HC_level2	Neuron_Slc17a7_Pvrl3-Grm5.6_2	78	15085	0.016799	0.046172	0.0073775	0.011398	0.020055	0.055121	0.0072487	0.0028349	DropViz_SN_level2	0.00013564	0.762787100272678	0.658665375920008
DropViz_SN_level2	Neuron_Th_Cbln1.4_2	79	15085	0.013049	0.038012	0.0051296	0.0054861	0.014336	0.04176	0.0050543	0.0022847	DropViz_HC_level2	0.00017627	0.855959888970331	0.703595189894079
DropViz_HC_level2	Neuron_Slc17a7_Nxph3-Sema3c.3_10	79	15085	0.014924	0.041938	0.010169	0.071116	0.019345	0.054362	0.010021	0.026786	DropViz_SN_level2	0.0010061	0.730257885534452	0.52449246608436
DropViz_SN_level2	Neuron_Th_Cbln1.4_2	80	15085	0.011895	0.03465	0.0051494	0.010451	0.014336	0.04176	0.0050543	0.0022847	DropViz_HC_level2	0.00017627	0.749986384269794	0.703595189894079
DropViz_HC_level2	Neuron_Gad1Gad2_Pvalb_Tac1.1_6	80	15085	0.019311	0.053637	0.0078323	0.0068454	0.022789	0.063297	0.0076874	0.0015185	DropViz_SN_level2	0.0018428	0.767974360543899	1.03074153858873
DropViz_SN_level2	Neuron_Slc17a6.2_1	81	NA	NA	NA	NA	NA	NA	NA	NA	NA	NA	1.5379e-05	NA	NA
DropViz_GP_level2	Neuron_Gad1Gad2-Th_Adora2a-Th.3_9	81	NA	NA	NA	NA	NA	NA	NA	NA	NA	NA	1.7605e-07	NA	NA
DropViz_SN_level2	Neuron_Slc17a6.2_1	82	NA	NA	NA	NA	NA	NA	NA	NA	NA	NA	1.5379e-05	NA	NA
DropViz_GP_level2	Neuron_Gad1Gad2_Lamp5-Cplx3.2_22	82	NA	NA	NA	NA	NA	NA	NA	NA	NA	NA	0.0043559	NA	NA
DropViz_SN_level2	Neuron_Gad1Gad2_Gad2.3_3	83	NA	NA	NA	NA	NA	NA	NA	NA	NA	NA	0.00010035	NA	NA
DropViz_GP_level2	Neuron_Gad1Gad2-Th_Adora2a-Th.3_9	83	NA	NA	NA	NA	NA	NA	NA	NA	NA	NA	1.7605e-07	NA	NA
DropViz_SN_level2	Neuron_Gad1Gad2_Gad2.3_3	84	NA	NA	NA	NA	NA	NA	NA	NA	NA	NA	0.00010035	NA	NA
DropViz_GP_level2	Neuron_Gad1Gad2_Lamp5-Cplx3.2_22	84	NA	NA	NA	NA	NA	NA	NA	NA	NA	NA	0.0043559	NA	NA
DropViz_SN_level2	Neuron_Th_Cbln1.4_2	85	NA	NA	NA	NA	NA	NA	NA	NA	NA	NA	0.00017627	NA	NA
DropViz_GP_level2	Neuron_Gad1Gad2-Th_Adora2a-Th.3_9	85	NA	NA	NA	NA	NA	NA	NA	NA	NA	NA	1.7605e-07	NA	NA
DropViz_SN_level2	Neuron_Th_Cbln1.4_2	86	NA	NA	NA	NA	NA	NA	NA	NA	NA	NA	0.00017627	NA	NA
DropViz_GP_level2	Neuron_Gad1Gad2_Lamp5-Cplx3.2_22	86	NA	NA	NA	NA	NA	NA	NA	NA	NA	NA	0.0043559	NA	NA
DropViz_SN_level2	Neuron_Slc17a6.2_1	87	15085	0.018611	0.051957	0.0064569	0.0019762	0.021213	0.059221	0.0063884	0.00045027	DropViz_FC_level2	1.5379e-05	0.80805238236501	0.695299603886244
DropViz_FC_level2	Neuron_Gad1Gad2_Synpr-Pcdh11x.1_6	87	15085	0.023154	0.063761	0.0084364	0.0030335	0.026725	0.073593	0.0083472	0.00068477	DropViz_SN_level2	0.0002541	0.795731265665831	0.8802390489175
DropViz_SN_level2	Neuron_Slc17a6.2_1	88	15085	0.01958	0.054662	0.0064558	0.001213	0.021213	0.059221	0.0063884	0.00045027	DropViz_FC_level2	1.5379e-05	0.87139270350168	0.695299603886244
DropViz_FC_level2	Neuron_Slc17a7_Syt6-Kit.3_12	88	15085	0.019739	0.054585	0.011285	0.040149	0.024689	0.068274	0.01117	0.013549	DropViz_SN_level2	0.00028156	0.747460350626701	0.52615972164324
DropViz_SN_level2	Neuron_Gad1Gad2_Gad2.3_3	89	15085	0.012899	0.034299	0.0094023	0.085066	0.021845	0.058089	0.0086276	0.0056765	DropViz_FC_level2	0.00010035	0.476528235318885	0.56169291440502
DropViz_FC_level2	Neuron_Gad1Gad2_Synpr-Pcdh11x.1_6	89	15085	0.021759	0.059919	0.0090979	0.0083927	0.026725	0.073593	0.0083472	0.00068477	DropViz_SN_level2	0.0002541	0.656068144602394	0.8802390489175
DropViz_SN_level2	Neuron_Gad1Gad2_Gad2.3_3	90	15085	0.017226	0.045807	0.0092392	0.031139	0.021845	0.058089	0.0086276	0.0056765	DropViz_FC_level2	0.00010035	0.670859055231744	0.56169291440502
DropViz_FC_level2	Neuron_Slc17a7_Syt6-Kit.3_12	90	15085	0.016708	0.046205	0.011961	0.081232	0.024689	0.068274	0.01117	0.013549	DropViz_SN_level2	0.00028156	0.583628864103452	0.52615972164324
DropViz_SN_level2	Neuron_Th_Cbln1.4_2	91	15085	0.012282	0.035777	0.0051426	0.00847	0.015263	0.044461	0.0050126	0.0011658	DropViz_FC_level2	0.00017627	0.706393120310398	0.781437229873026
DropViz_FC_level2	Neuron_Gad1Gad2_Synpr-Pcdh11x.1_6	91	15085	0.022138	0.060962	0.0085639	0.0048735	0.026725	0.073593	0.0083472	0.00068477	DropViz_SN_level2	0.0002541	0.73066573202412	0.8802390489175
DropViz_SN_level2	Neuron_Th_Cbln1.4_2	92	15085	0.013226	0.038527	0.0052095	0.0055666	0.015263	0.044461	0.0050126	0.0011658	DropViz_FC_level2	0.00017627	0.768537693059952	0.781437229873026
DropViz_FC_level2	Neuron_Slc17a7_Syt6-Kit.3_12	92	15085	0.016661	0.046075	0.011607	0.075582	0.024689	0.068274	0.01117	0.013549	DropViz_SN_level2	0.00028156	0.600388613424349	0.52615972164324
DropViz_SN_level2	Neuron_Slc17a6.2_1	93	15085	0.022914	0.063969	0.0065878	0.00025313	0.025425	0.070979	0.0063575	3.194e-05	DropViz_ENT_level2	1.5379e-05	0.800027651150404	0.934053174093336
DropViz_ENT_level2	Neuron_Slc17a6_Pitx2.4_6	93	15085	0.010483	0.028675	0.0072126	0.073068	0.017062	0.046671	0.0069629	0.0071408	DropViz_SN_level2	0.0013225	0.529421606309441	0.745588101886418
DropViz_SN_level2	Neuron_Gad1Gad2_Gad2.3_3	94	15085	0.031473	0.083691	0.011689	0.0035489	0.034157	0.090829	0.0094349	0.00014764	DropViz_ENT_level2	0.00010035	0.639529293984118	0.958062426299379
DropViz_ENT_level2	Neuron_Slc17a6_Pitx2.4_6	94	15085	0.0033556	0.0091789	0.008624	0.3486	0.017062	0.046671	0.0069629	0.0071408	DropViz_SN_level2	0.0013225	0.213242609048006	0.745588101886418
DropViz_SN_level2	Neuron_Th_Cbln1.4_2	95	15085	0.016319	0.047537	0.0055101	0.0015322	0.018254	0.053173	0.0054095	0.00037088	DropViz_ENT_level2	0.00017627	0.820424377955317	0.913939700767654
DropViz_ENT_level2	Neuron_Slc17a6_Pitx2.4_6	95	15085	0.013058	0.035719	0.0070911	0.032788	0.017062	0.046671	0.0069629	0.0071408	DropViz_SN_level2	0.0013225	0.691570370936247	0.745588101886418
DropViz_SN_level2	Neuron_Slc17a6.2_1	96	15085	0.021031	0.058711	0.006543	0.00065547	0.025306	0.070648	0.0063518	3.4039e-05	DropViz_CB_level2	1.5379e-05	0.712495668224101	0.928310089090224
DropViz_CB_level2	Neuron_Slc17a7_Gabra6.1_1	96	15085	0.017545	0.049416	0.0064664	0.0033354	0.022551	0.063515	0.0062782	0.00016466	DropViz_SN_level2	3.6591e-05	0.654660964308035	0.852767875059055
DropViz_SN_level2	Neuron_Slc17a6.2_1	97	15085	0.023103	0.064496	0.0064242	0.00016202	0.025306	0.070648	0.0063518	3.4039e-05	DropViz_CB_level2	1.5379e-05	0.848346393123817	0.928310089090224
DropViz_CB_level2	Neuron_Slc17a6_Nrgn.4_3	97	15085	0.0087863	0.027238	0.0038603	0.01143	0.010878	0.033724	0.0038179	0.0021936	DropViz_SN_level2	0.00035907	0.730375614169095	0.771837682273279
DropViz_SN_level2	Neuron_Gad1Gad2_Gad2.3_3	98	15085	0.020634	0.05487	0.010046	0.019994	0.031055	0.08258	0.0088559	0.00022757	DropViz_CB_level2	0.00010035	0.466416128058818	0.911066855555225
DropViz_CB_level2	Neuron_Slc17a7_Gabra6.1_1	98	15085	0.015642	0.044056	0.0071217	0.01404	0.022551	0.063515	0.0062782	0.00016466	DropViz_SN_level2	3.6591e-05	0.489672535424859	0.852767875059055
DropViz_SN_level2	Neuron_Gad1Gad2_Gad2.3_3	99	15085	0.025138	0.066847	0.0095445	0.0042265	0.031055	0.08258	0.0088559	0.00022757	DropViz_CB_level2	0.00010035	0.651686543189291	0.911066855555225
DropViz_CB_level2	Neuron_Slc17a6_Nrgn.4_3	99	15085	0.0068358	0.021191	0.0041141	0.048314	0.010878	0.033724	0.0038179	0.0021936	DropViz_SN_level2	0.00035907	0.494924755441691	0.771837682273279
DropViz_SN_level2	Neuron_Th_Cbln1.4_2	100	15085	0.014045	0.040914	0.0053667	0.0044381	0.017504	0.050988	0.0052366	0.00041603	DropViz_CB_level2	0.00017627	0.69591530949865	0.900648916094364
DropViz_CB_level2	Neuron_Slc17a7_Gabra6.1_1	100	15085	0.018846	0.053078	0.0064346	0.0017041	0.022551	0.063515	0.0062782	0.00016466	DropViz_SN_level2	3.6591e-05	0.731748222194958	0.852767875059055
DropViz_SN_level2	Neuron_Th_Cbln1.4_2	101	15085	0.014824	0.043181	0.0053854	0.0029602	0.017504	0.050988	0.0052366	0.00041603	DropViz_CB_level2	0.00017627	0.74793616535475	0.900648916094364
DropViz_CB_level2	Neuron_Slc17a6_Nrgn.4_3	101	15085	0.0083498	0.025885	0.003926	0.016726	0.010878	0.033724	0.0038179	0.0021936	DropViz_SN_level2	0.00035907	0.668188456350082	0.771837682273279
DropViz_PC_level2	Neuron_Slc17a7_Syt6-Sla.1_4	102	NA	NA	NA	NA	NA	NA	NA	NA	NA	NA	3.8901e-05	NA	NA
DropViz_HC_level2	Neuron_Slc17a7_C1ql2-Penk.4_2	102	NA	NA	NA	NA	NA	NA	NA	NA	NA	NA	5.9552e-05	NA	NA
DropViz_PC_level2	Neuron_Slc17a7_Syt6-Sla.1_4	103	NA	NA	NA	NA	NA	NA	NA	NA	NA	NA	3.8901e-05	NA	NA
DropViz_HC_level2	Neuron_Slc17a7_Pvrl3-Grm5.6_2	103	NA	NA	NA	NA	NA	NA	NA	NA	NA	NA	0.00013564	NA	NA
DropViz_PC_level2	Neuron_Slc17a7_Syt6-Sla.1_4	104	NA	NA	NA	NA	NA	NA	NA	NA	NA	NA	3.8901e-05	NA	NA
DropViz_HC_level2	Neuron_Slc17a7_Nxph3-Sema3c.3_10	104	NA	NA	NA	NA	NA	NA	NA	NA	NA	NA	0.0010061	NA	NA
DropViz_PC_level2	Neuron_Slc17a7_Syt6-Sla.1_4	105	NA	NA	NA	NA	NA	NA	NA	NA	NA	NA	3.8901e-05	NA	NA
DropViz_HC_level2	Neuron_Gad1Gad2_Pvalb_Tac1.1_6	105	NA	NA	NA	NA	NA	NA	NA	NA	NA	NA	0.0018428	NA	NA
DropViz_PC_level2	Neuron_Slc17a7-Slc17a6_Rorb-Pcdh20.2_10	106	NA	NA	NA	NA	NA	NA	NA	NA	NA	NA	0.00014405	NA	NA
DropViz_HC_level2	Neuron_Slc17a7_C1ql2-Penk.4_2	106	NA	NA	NA	NA	NA	NA	NA	NA	NA	NA	5.9552e-05	NA	NA
DropViz_PC_level2	Neuron_Slc17a7-Slc17a6_Rorb-Pcdh20.2_10	107	NA	NA	NA	NA	NA	NA	NA	NA	NA	NA	0.00014405	NA	NA
DropViz_HC_level2	Neuron_Slc17a7_Pvrl3-Grm5.6_2	107	NA	NA	NA	NA	NA	NA	NA	NA	NA	NA	0.00013564	NA	NA
DropViz_PC_level2	Neuron_Slc17a7-Slc17a6_Rorb-Pcdh20.2_10	108	NA	NA	NA	NA	NA	NA	NA	NA	NA	NA	0.00014405	NA	NA
DropViz_HC_level2	Neuron_Slc17a7_Nxph3-Sema3c.3_10	108	NA	NA	NA	NA	NA	NA	NA	NA	NA	NA	0.0010061	NA	NA
DropViz_PC_level2	Neuron_Slc17a7-Slc17a6_Rorb-Pcdh20.2_10	109	NA	NA	NA	NA	NA	NA	NA	NA	NA	NA	0.00014405	NA	NA
DropViz_HC_level2	Neuron_Gad1Gad2_Pvalb_Tac1.1_6	109	NA	NA	NA	NA	NA	NA	NA	NA	NA	NA	0.0018428	NA	NA
DropViz_PC_level2	Neuron_Gad1Gad2_Pvalb-Nefm.5_2	110	NA	NA	NA	NA	NA	NA	NA	NA	NA	NA	0.0017772	NA	NA
DropViz_HC_level2	Neuron_Slc17a7_C1ql2-Penk.4_2	110	NA	NA	NA	NA	NA	NA	NA	NA	NA	NA	5.9552e-05	NA	NA
DropViz_PC_level2	Neuron_Gad1Gad2_Pvalb-Nefm.5_2	111	NA	NA	NA	NA	NA	NA	NA	NA	NA	NA	0.0017772	NA	NA
DropViz_HC_level2	Neuron_Slc17a7_Pvrl3-Grm5.6_2	111	NA	NA	NA	NA	NA	NA	NA	NA	NA	NA	0.00013564	NA	NA
DropViz_PC_level2	Neuron_Gad1Gad2_Pvalb-Nefm.5_2	112	NA	NA	NA	NA	NA	NA	NA	NA	NA	NA	0.0017772	NA	NA
DropViz_HC_level2	Neuron_Slc17a7_Nxph3-Sema3c.3_10	112	NA	NA	NA	NA	NA	NA	NA	NA	NA	NA	0.0010061	NA	NA
DropViz_PC_level2	Neuron_Gad1Gad2_Pvalb-Nefm.5_2	113	NA	NA	NA	NA	NA	NA	NA	NA	NA	NA	0.0017772	NA	NA
DropViz_HC_level2	Neuron_Gad1Gad2_Pvalb_Tac1.1_6	113	NA	NA	NA	NA	NA	NA	NA	NA	NA	NA	0.0018428	NA	NA
DropViz_PC_level2	Neuron_Gad1Gad2-Chat_Synpr-Slc5a7.4_8	114	NA	NA	NA	NA	NA	NA	NA	NA	NA	NA	0.0048746	NA	NA
DropViz_HC_level2	Neuron_Slc17a7_C1ql2-Penk.4_2	114	NA	NA	NA	NA	NA	NA	NA	NA	NA	NA	5.9552e-05	NA	NA
DropViz_PC_level2	Neuron_Gad1Gad2-Chat_Synpr-Slc5a7.4_8	115	NA	NA	NA	NA	NA	NA	NA	NA	NA	NA	0.0048746	NA	NA
DropViz_HC_level2	Neuron_Slc17a7_Pvrl3-Grm5.6_2	115	NA	NA	NA	NA	NA	NA	NA	NA	NA	NA	0.00013564	NA	NA
DropViz_PC_level2	Neuron_Gad1Gad2-Chat_Synpr-Slc5a7.4_8	116	NA	NA	NA	NA	NA	NA	NA	NA	NA	NA	0.0048746	NA	NA
DropViz_HC_level2	Neuron_Slc17a7_Nxph3-Sema3c.3_10	116	NA	NA	NA	NA	NA	NA	NA	NA	NA	NA	0.0010061	NA	NA
DropViz_PC_level2	Neuron_Gad1Gad2-Chat_Synpr-Slc5a7.4_8	117	NA	NA	NA	NA	NA	NA	NA	NA	NA	NA	0.0048746	NA	NA
DropViz_HC_level2	Neuron_Gad1Gad2_Pvalb_Tac1.1_6	117	NA	NA	NA	NA	NA	NA	NA	NA	NA	NA	0.0018428	NA	NA
DropViz_PC_level2	Neuron_Slc17a7_Syt6-Sla.1_4	118	15085	0.026734	0.07409	0.012778	0.018217	0.044051	0.12208	0.011746	8.864e-05	DropViz_GP_level2	3.8901e-05	0.429260663077315	0.918896644041902
DropViz_GP_level2	Neuron_Gad1Gad2-Th_Adora2a-Th.3_9	118	15085	0.029057	0.079253	0.0084592	0.00029716	0.03604	0.098299	0.0077739	1.792e-06	DropViz_PC_level2	1.7605e-07	0.613749278031705	0.850807273592733
DropViz_PC_level2	Neuron_Slc17a7_Syt6-Sla.1_4	119	15085	0.041881	0.11607	0.011798	0.00019344	0.044051	0.12208	0.011746	8.864e-05	DropViz_GP_level2	3.8901e-05	0.916365851340068	0.918896644041902
DropViz_GP_level2	Neuron_Gad1Gad2_Lamp5-Cplx3.2_22	119	15085	0.0071675	0.02239	0.0037136	0.02681	0.0084237	0.026314	0.0036983	0.011378	DropViz_PC_level2	0.0043559	0.808516713510599	0.823379166700212
DropViz_PC_level2	Neuron_Slc17a7-Slc17a6_Rorb-Pcdh20.2_10	120	15085	0.028368	0.07832	0.013232	0.016027	0.043564	0.12028	0.012605	0.00027485	DropViz_GP_level2	0.00014405	0.504126938736632	0.926959925188647
DropViz_GP_level2	Neuron_Gad1Gad2-Th_Adora2a-Th.3_9	120	15085	0.030694	0.083719	0.008163	8.5242e-05	0.03604	0.098299	0.0077739	1.792e-06	DropViz_PC_level2	1.7605e-07	0.708123493765036	0.850807273592733
DropViz_PC_level2	Neuron_Slc17a7-Slc17a6_Rorb-Pcdh20.2_10	121	15085	0.041887	0.11565	0.01263	0.00045694	0.043564	0.12028	0.012605	0.00027485	DropViz_GP_level2	0.00014405	0.938003546285667	0.926959925188647
DropViz_GP_level2	Neuron_Gad1Gad2_Lamp5-Cplx3.2_22	121	15085	0.0076317	0.02384	0.0037047	0.019707	0.0084237	0.026314	0.0036983	0.011378	DropViz_PC_level2	0.0043559	0.877282573124543	0.823379166700212
DropViz_PC_level2	Neuron_Gad1Gad2_Pvalb-Nefm.5_2	122	15085	0.017956	0.049012	0.0078656	0.011229	0.023202	0.063333	0.0077712	0.0014172	DropViz_GP_level2	0.0017772	0.684434541165252	1.03574390378312
DropViz_GP_level2	Neuron_Gad1Gad2-Th_Adora2a-Th.3_9	122	15085	0.033198	0.090546	0.0078719	1.2443e-05	0.03604	0.098299	0.0077739	1.792e-06	DropViz_PC_level2	1.7605e-07	0.853552010440486	0.850807273592733
DropViz_PC_level2	Neuron_Gad1Gad2_Pvalb-Nefm.5_2	123	15085	0.020598	0.056225	0.0079124	0.0046214	0.023202	0.063333	0.0077712	0.0014172	DropViz_GP_level2	0.0017772	0.819789360118475	1.03574390378312
DropViz_GP_level2	Neuron_Gad1Gad2_Lamp5-Cplx3.2_22	123	15085	0.0065772	0.020546	0.0037649	0.040332	0.0084237	0.026314	0.0036983	0.011378	DropViz_PC_level2	0.0043559	0.717282680824306	0.823379166700212
DropViz_PC_level2	Neuron_Gad1Gad2-Chat_Synpr-Slc5a7.4_8	124	15085	0.015386	0.04291	0.0078998	0.025739	0.020196	0.056323	0.0078256	0.0049351	DropViz_GP_level2	0.0048746	0.689038689243561	0.99768303127828
DropViz_GP_level2	Neuron_Gad1Gad2-Th_Adora2a-Th.3_9	124	15085	0.033882	0.092414	0.0078517	8.0239e-06	0.03604	0.098299	0.0077739	1.792e-06	DropViz_PC_level2	1.7605e-07	0.886708579204373	0.850807273592733
DropViz_PC_level2	Neuron_Gad1Gad2-Chat_Synpr-Slc5a7.4_8	125	15085	0.017701	0.049367	0.0079377	0.012881	0.020196	0.056323	0.0078256	0.0049351	DropViz_GP_level2	0.0048746	0.819372743407221	0.99768303127828
DropViz_GP_level2	Neuron_Gad1Gad2_Lamp5-Cplx3.2_22	125	15085	0.007019	0.021926	0.003751	0.030667	0.0084237	0.026314	0.0036983	0.011378	DropViz_PC_level2	0.0043559	0.778487670811384	0.823379166700212
DropViz_PC_level2	Neuron_Slc17a7_Syt6-Sla.1_4	126	NA	NA	NA	NA	NA	NA	NA	NA	NA	NA	3.8901e-05	NA	NA
DropViz_FC_level2	Neuron_Gad1Gad2_Synpr-Pcdh11x.1_6	126	NA	NA	NA	NA	NA	NA	NA	NA	NA	NA	0.0002541	NA	NA
DropViz_PC_level2	Neuron_Slc17a7_Syt6-Sla.1_4	127	NA	NA	NA	NA	NA	NA	NA	NA	NA	NA	3.8901e-05	NA	NA
DropViz_FC_level2	Neuron_Slc17a7_Syt6-Kit.3_12	127	NA	NA	NA	NA	NA	NA	NA	NA	NA	NA	0.00028156	NA	NA
DropViz_PC_level2	Neuron_Slc17a7-Slc17a6_Rorb-Pcdh20.2_10	128	NA	NA	NA	NA	NA	NA	NA	NA	NA	NA	0.00014405	NA	NA
DropViz_FC_level2	Neuron_Gad1Gad2_Synpr-Pcdh11x.1_6	128	NA	NA	NA	NA	NA	NA	NA	NA	NA	NA	0.0002541	NA	NA
DropViz_PC_level2	Neuron_Slc17a7-Slc17a6_Rorb-Pcdh20.2_10	129	NA	NA	NA	NA	NA	NA	NA	NA	NA	NA	0.00014405	NA	NA
DropViz_FC_level2	Neuron_Slc17a7_Syt6-Kit.3_12	129	NA	NA	NA	NA	NA	NA	NA	NA	NA	NA	0.00028156	NA	NA
DropViz_PC_level2	Neuron_Gad1Gad2_Pvalb-Nefm.5_2	130	NA	NA	NA	NA	NA	NA	NA	NA	NA	NA	0.0017772	NA	NA
DropViz_FC_level2	Neuron_Gad1Gad2_Synpr-Pcdh11x.1_6	130	NA	NA	NA	NA	NA	NA	NA	NA	NA	NA	0.0002541	NA	NA
DropViz_PC_level2	Neuron_Gad1Gad2_Pvalb-Nefm.5_2	131	NA	NA	NA	NA	NA	NA	NA	NA	NA	NA	0.0017772	NA	NA
DropViz_FC_level2	Neuron_Slc17a7_Syt6-Kit.3_12	131	NA	NA	NA	NA	NA	NA	NA	NA	NA	NA	0.00028156	NA	NA
DropViz_PC_level2	Neuron_Gad1Gad2-Chat_Synpr-Slc5a7.4_8	132	NA	NA	NA	NA	NA	NA	NA	NA	NA	NA	0.0048746	NA	NA
DropViz_FC_level2	Neuron_Gad1Gad2_Synpr-Pcdh11x.1_6	132	NA	NA	NA	NA	NA	NA	NA	NA	NA	NA	0.0002541	NA	NA
DropViz_PC_level2	Neuron_Gad1Gad2-Chat_Synpr-Slc5a7.4_8	133	NA	NA	NA	NA	NA	NA	NA	NA	NA	NA	0.0048746	NA	NA
DropViz_FC_level2	Neuron_Slc17a7_Syt6-Kit.3_12	133	NA	NA	NA	NA	NA	NA	NA	NA	NA	NA	0.00028156	NA	NA
DropViz_PC_level2	Neuron_Slc17a7_Syt6-Sla.1_4	134	15085	0.037278	0.10331	0.012649	0.0016066	0.038063	0.10549	0.012579	0.0012415	DropViz_ENT_level2	3.8901e-05	0.961473163738177	0.658963134254651
DropViz_ENT_level2	Neuron_Slc17a6_Pitx2.4_6	134	15085	0.004082	0.011166	0.0068985	0.27703	0.0062156	0.017002	0.0068623	0.18254	DropViz_PC_level2	0.0013225	0.754727233007228	0.256597250568757
DropViz_PC_level2	Neuron_Slc17a7-Slc17a6_Rorb-Pcdh20.2_10	135	15085	0.033534	0.092584	0.013289	0.0058168	0.034257	0.09458	0.01325	0.0048673	DropViz_ENT_level2	0.00014405	0.966534518639947	0.602035629156584
DropViz_ENT_level2	Neuron_Slc17a6_Pitx2.4_6	135	15085	0.0048844	0.013361	0.0068812	0.23892	0.0062156	0.017002	0.0068623	0.18254	DropViz_PC_level2	0.0013225	0.841744082801407	0.256597250568757
DropViz_PC_level2	Neuron_Gad1Gad2_Pvalb-Nefm.5_2	136	15085	0.021444	0.058535	0.0088881	0.0079236	0.020059	0.054753	0.0078485	0.005303	DropViz_ENT_level2	0.0017772	0.923356372760762	0.827367345415474
DropViz_ENT_level2	Neuron_Slc17a6_Pitx2.4_6	136	15085	-0.0025808	-0.0070596	0.0077697	0.63012	0.0062156	0.017002	0.0068623	0.18254	DropViz_PC_level2	0.0013225	0.271547986994024	0.256597250568757
DropViz_PC_level2	Neuron_Gad1Gad2-Chat_Synpr-Slc5a7.4_8	137	15085	0.016941	0.047246	0.0080533	0.017716	0.017691	0.049337	0.0079047	0.012619	DropViz_ENT_level2	0.0048746	0.922410391589139	0.821334318874826
DropViz_ENT_level2	Neuron_Slc17a6_Pitx2.4_6	137	15085	0.0034055	0.0093154	0.0069903	0.31307	0.0062156	0.017002	0.0068623	0.18254	DropViz_PC_level2	0.0013225	0.682818710949952	0.256597250568757
DropViz_PC_level2	Neuron_Slc17a7_Syt6-Sla.1_4	138	15085	NA	NA	NA	NA	0.036891	0.10224	0.012208	0.001258	DropViz_CB_level2	3.8901e-05	NA	0.657662937836013
DropViz_CB_level2	Neuron_Slc17a7_Gabra6.1_1	138	15085	NA	NA	NA	NA	0.017034	0.047975	0.0067806	0.0060059	DropViz_PC_level2	3.6591e-05	NA	0.500700767355913
DropViz_PC_level2	Neuron_Slc17a7_Syt6-Sla.1_4	139	15085	0.034667	0.096075	0.012311	0.002435	0.036891	0.10224	0.012208	0.001258	DropViz_CB_level2	3.8901e-05	0.9011080198592	0.657662937836013
DropViz_CB_level2	Neuron_Slc17a6_Nrgn.4_3	139	15085	0.0056956	0.017657	0.0040782	0.081278	0.0071815	0.022263	0.0040449	0.037924	DropViz_PC_level2	0.00035907	0.767038094351336	0.412528230726656
DropViz_PC_level2	Neuron_Slc17a7-Slc17a6_Rorb-Pcdh20.2_10	140	15085	NA	NA	NA	NA	0.032722	0.090342	0.012555	0.0045819	DropViz_CB_level2	0.00014405	NA	0.608866970894814
DropViz_CB_level2	Neuron_Slc17a7_Gabra6.1_1	140	15085	NA	NA	NA	NA	0.017034	0.047975	0.0067806	0.0060059	DropViz_PC_level2	3.6591e-05	NA	0.500700767355913
DropViz_PC_level2	Neuron_Slc17a7-Slc17a6_Rorb-Pcdh20.2_10	141	15085	0.030845	0.08516	0.012615	0.0072446	0.032722	0.090342	0.012555	0.0045819	DropViz_CB_level2	0.00014405	0.914932584573516	0.608866970894814
DropViz_CB_level2	Neuron_Slc17a6_Nrgn.4_3	141	15085	0.0062148	0.019266	0.0040635	0.06309	0.0071815	0.022263	0.0040449	0.037924	DropViz_PC_level2	0.00035907	0.844452474408687	0.412528230726656
DropViz_PC_level2	Neuron_Gad1Gad2_Pvalb-Nefm.5_2	142	15085	0.016796	0.045846	0.0079938	0.017824	0.01933	0.052764	0.0079099	0.007272	DropViz_CB_level2	0.0017772	0.817919420127427	0.777505856379657
DropViz_CB_level2	Neuron_Slc17a7_Gabra6.1_1	142	15085	0.01494	0.042078	0.0068527	0.014632	0.017034	0.047975	0.0067806	0.0060059	DropViz_PC_level2	3.6591e-05	0.82591078483671	0.500700767355913
DropViz_PC_level2	Neuron_Gad1Gad2_Pvalb-Nefm.5_2	143	15085	0.01852	0.050553	0.0079251	0.0097285	0.01933	0.052764	0.0079099	0.007272	DropViz_CB_level2	0.0017772	0.940892631337953	0.777505856379657
DropViz_CB_level2	Neuron_Slc17a6_Nrgn.4_3	143	15085	0.0065858	0.020417	0.0040523	0.052069	0.0071815	0.022263	0.0040449	0.037924	DropViz_PC_level2	0.00035907	0.903126825215791	0.412528230726656
DropViz_PC_level2	Neuron_Gad1Gad2-Chat_Synpr-Slc5a7.4_8	144	15085	0.014674	0.040923	0.008019	0.033646	0.017628	0.049162	0.007903	0.012865	DropViz_CB_level2	0.0048746	0.779156980737546	0.817707749274715
DropViz_CB_level2	Neuron_Slc17a7_Gabra6.1_1	144	15085	0.014891	0.041939	0.0068805	0.015233	0.017034	0.047975	0.0067806	0.0060059	DropViz_PC_level2	3.6591e-05	0.818041163315881	0.500700767355913
DropViz_PC_level2	Neuron_Gad1Gad2-Chat_Synpr-Slc5a7.4_8	145	15085	0.015792	0.044043	0.0080051	0.02427	0.017628	0.049162	0.007903	0.012865	DropViz_CB_level2	0.0048746	0.854193688083663	0.817707749274715
DropViz_CB_level2	Neuron_Slc17a6_Nrgn.4_3	145	15085	0.0058931	0.018269	0.0040969	0.075164	0.0071815	0.022263	0.0040449	0.037924	DropViz_PC_level2	0.00035907	0.790937512012376	0.412528230726656
DropViz_HC_level2	Neuron_Slc17a7_C1ql2-Penk.4_2	146	15085	0.020877	0.057994	0.0097848	0.016445	0.032063	0.089068	0.0092791	0.00027553	DropViz_GP_level2	5.9552e-05	0.501137854061837	0.842542906376746
DropViz_GP_level2	Neuron_Gad1Gad2-Th_Adora2a-Th.3_9	146	15085	0.028796	0.078541	0.0080228	0.00016635	0.034248	0.093411	0.0076059	3.3796e-06	DropViz_HC_level2	1.7605e-07	0.690711781559589	0.810014787829008
DropViz_HC_level2	Neuron_Slc17a7_C1ql2-Penk.4_2	147	15085	0.032476	0.090214	0.0092795	0.00023357	0.032063	0.089068	0.0092791	0.00027553	DropViz_GP_level2	5.9552e-05	1.02015596507167	0.842542906376746
DropViz_GP_level2	Neuron_Gad1Gad2_Lamp5-Cplx3.2_22	147	15085	0.0084431	0.026375	0.0036882	0.011041	0.0081924	0.025591	0.003689	0.013192	DropViz_HC_level2	0.0043559	1.04112500422141	0.796167462751875
DropViz_HC_level2	Neuron_Slc17a7_Pvrl3-Grm5.6_2	148	15085	0.015084	0.041457	0.0073988	0.020751	0.023411	0.064344	0.0070429	0.00044477	DropViz_GP_level2	0.00013564	0.502096956080262	0.866649582262611
DropViz_GP_level2	Neuron_Gad1Gad2-Th_Adora2a-Th.3_9	148	15085	0.029234	0.079735	0.0079929	0.0001278	0.034248	0.093411	0.0076059	3.3796e-06	DropViz_HC_level2	1.7605e-07	0.711638327457387	0.810014787829008
DropViz_HC_level2	Neuron_Slc17a7_Pvrl3-Grm5.6_2	149	15085	0.021797	0.05991	0.0070978	0.0010688	0.023411	0.064344	0.0070429	0.00044477	DropViz_GP_level2	0.00013564	0.886403236940087	0.866649582262611
DropViz_GP_level2	Neuron_Gad1Gad2_Lamp5-Cplx3.2_22	149	15085	0.0067673	0.02114	0.003717	0.034342	0.0081924	0.025591	0.003689	0.013192	DropViz_HC_level2	0.0043559	0.778944888089932	0.796167462751875
DropViz_HC_level2	Neuron_Slc17a7_Nxph3-Sema3c.3_10	150	15085	0.011004	0.030924	0.010404	0.1451	0.025472	0.071579	0.0096886	0.0042852	DropViz_GP_level2	0.0010061	0.354021264787473	0.790038504388484
DropViz_GP_level2	Neuron_Gad1Gad2-Th_Adora2a-Th.3_9	150	15085	0.031089	0.084795	0.0081712	7.129e-05	0.034248	0.093411	0.0076059	3.3796e-06	DropViz_HC_level2	1.7605e-07	0.757972818029533	0.810014787829008
DropViz_HC_level2	Neuron_Slc17a7_Nxph3-Sema3c.3_10	151	15085	0.023904	0.067173	0.0097187	0.0069597	0.025472	0.071579	0.0096886	0.0042852	DropViz_GP_level2	0.0010061	0.911057072385148	0.790038504388484
DropViz_GP_level2	Neuron_Gad1Gad2_Lamp5-Cplx3.2_22	151	15085	0.0074646	0.023318	0.0037002	0.02184	0.0081924	0.025591	0.003689	0.013192	DropViz_HC_level2	0.0043559	0.883522247684944	0.796167462751875
DropViz_HC_level2	Neuron_Gad1Gad2_Pvalb_Tac1.1_6	152	15085	0.017755	0.049316	0.007783	0.011273	0.022746	0.063177	0.0076911	0.0015537	DropViz_GP_level2	0.0018428	0.693561817420706	1.02710201028206
DropViz_GP_level2	Neuron_Gad1Gad2-Th_Adora2a-Th.3_9	152	15085	0.031494	0.0859	0.0077	2.1671e-05	0.034248	0.093411	0.0076059	3.3796e-06	DropViz_HC_level2	1.7605e-07	0.852496110010303	0.810014787829008
DropViz_HC_level2	Neuron_Gad1Gad2_Pvalb_Tac1.1_6	153	15085	0.02036	0.056552	0.0078139	0.0045896	0.022746	0.063177	0.0076911	0.0015537	DropViz_GP_level2	0.0018428	0.832513646711547	1.02710201028206
DropViz_GP_level2	Neuron_Gad1Gad2_Lamp5-Cplx3.2_22	153	15085	0.0064643	0.020193	0.0037474	0.042274	0.0081924	0.025591	0.003689	0.013192	DropViz_HC_level2	0.0043559	0.730932827570717	0.796167462751875
DropViz_HC_level2	Neuron_Slc17a7_C1ql2-Penk.4_2	154	NA	NA	NA	NA	NA	NA	NA	NA	NA	NA	5.9552e-05	NA	NA
DropViz_FC_level2	Neuron_Gad1Gad2_Synpr-Pcdh11x.1_6	154	NA	NA	NA	NA	NA	NA	NA	NA	NA	NA	0.0002541	NA	NA
DropViz_HC_level2	Neuron_Slc17a7_C1ql2-Penk.4_2	155	NA	NA	NA	NA	NA	NA	NA	NA	NA	NA	5.9552e-05	NA	NA
DropViz_FC_level2	Neuron_Slc17a7_Syt6-Kit.3_12	155	NA	NA	NA	NA	NA	NA	NA	NA	NA	NA	0.00028156	NA	NA
DropViz_HC_level2	Neuron_Slc17a7_Pvrl3-Grm5.6_2	156	NA	NA	NA	NA	NA	NA	NA	NA	NA	NA	0.00013564	NA	NA
DropViz_FC_level2	Neuron_Gad1Gad2_Synpr-Pcdh11x.1_6	156	NA	NA	NA	NA	NA	NA	NA	NA	NA	NA	0.0002541	NA	NA
DropViz_HC_level2	Neuron_Slc17a7_Pvrl3-Grm5.6_2	157	NA	NA	NA	NA	NA	NA	NA	NA	NA	NA	0.00013564	NA	NA
DropViz_FC_level2	Neuron_Slc17a7_Syt6-Kit.3_12	157	NA	NA	NA	NA	NA	NA	NA	NA	NA	NA	0.00028156	NA	NA
DropViz_HC_level2	Neuron_Slc17a7_Nxph3-Sema3c.3_10	158	NA	NA	NA	NA	NA	NA	NA	NA	NA	NA	0.0010061	NA	NA
DropViz_FC_level2	Neuron_Gad1Gad2_Synpr-Pcdh11x.1_6	158	NA	NA	NA	NA	NA	NA	NA	NA	NA	NA	0.0002541	NA	NA
DropViz_HC_level2	Neuron_Slc17a7_Nxph3-Sema3c.3_10	159	NA	NA	NA	NA	NA	NA	NA	NA	NA	NA	0.0010061	NA	NA
DropViz_FC_level2	Neuron_Slc17a7_Syt6-Kit.3_12	159	NA	NA	NA	NA	NA	NA	NA	NA	NA	NA	0.00028156	NA	NA
DropViz_HC_level2	Neuron_Gad1Gad2_Pvalb_Tac1.1_6	160	NA	NA	NA	NA	NA	NA	NA	NA	NA	NA	0.0018428	NA	NA
DropViz_FC_level2	Neuron_Gad1Gad2_Synpr-Pcdh11x.1_6	160	NA	NA	NA	NA	NA	NA	NA	NA	NA	NA	0.0002541	NA	NA
DropViz_HC_level2	Neuron_Gad1Gad2_Pvalb_Tac1.1_6	161	NA	NA	NA	NA	NA	NA	NA	NA	NA	NA	0.0018428	NA	NA
DropViz_FC_level2	Neuron_Slc17a7_Syt6-Kit.3_12	161	NA	NA	NA	NA	NA	NA	NA	NA	NA	NA	0.00028156	NA	NA
DropViz_HC_level2	Neuron_Slc17a7_C1ql2-Penk.4_2	162	15085	0.02921	0.081142	0.0094573	0.0010075	0.027899	0.077499	0.009385	0.0014785	DropViz_ENT_level2	5.9552e-05	1.05885715829454	0.669848341379647
DropViz_ENT_level2	Neuron_Slc17a6_Pitx2.4_6	162	15085	0.0075133	0.020552	0.0066964	0.13094	0.0049576	0.013561	0.0066471	0.22789	DropViz_HC_level2	0.0013225	1.37468846270098	0.22312018615923
DropViz_HC_level2	Neuron_Slc17a7_Pvrl3-Grm5.6_2	163	15085	0.01937	0.053238	0.0077221	0.0060694	0.019703	0.054152	0.0075521	0.0045465	DropViz_ENT_level2	0.00013564	0.946434127409499	0.605625039949467
DropViz_ENT_level2	Neuron_Slc17a6_Pitx2.4_6	163	15085	0.0014036	0.0038395	0.0067952	0.41818	0.0049576	0.013561	0.0066471	0.22789	DropViz_HC_level2	0.0013225	0.589524580508977	0.22312018615923
DropViz_HC_level2	Neuron_Slc17a7_Nxph3-Sema3c.3_10	164	15085	0.018761	0.052721	0.010356	0.035029	0.019314	0.054273	0.010311	0.030535	DropViz_ENT_level2	0.0010061	0.960645635338469	0.505512403082008
DropViz_ENT_level2	Neuron_Slc17a6_Pitx2.4_6	164	15085	0.0038351	0.010491	0.0066754	0.28281	0.0049576	0.013561	0.0066471	0.22789	DropViz_HC_level2	0.0013225	0.85400407522346	0.22312018615923
DropViz_HC_level2	Neuron_Gad1Gad2_Pvalb_Tac1.1_6	165	15085	0.020637	0.057319	0.0087634	0.0092713	0.018982	0.052722	0.0077938	0.0074422	DropViz_ENT_level2	0.0018428	0.955156999882289	0.778307441473969
DropViz_ENT_level2	Neuron_Slc17a6_Pitx2.4_6	165	15085	-0.0030871	-0.0084446	0.0074726	0.66024	0.0049576	0.013561	0.0066471	0.22789	DropViz_HC_level2	0.0013225	0.280718139805592	0.22312018615923
DropViz_HC_level2	Neuron_Slc17a7_C1ql2-Penk.4_2	166	15085	0.025218	0.070052	0.0093259	0.0034292	0.028321	0.078673	0.0091364	0.00097011	DropViz_CB_level2	5.9552e-05	0.818008876903959	0.713160970541143
DropViz_CB_level2	Neuron_Slc17a7_Gabra6.1_1	166	15085	0.01155	0.032532	0.006971	0.048778	0.015336	0.043195	0.0068305	0.012382	DropViz_HC_level2	3.6591e-05	0.687798701063792	0.429878317455664
DropViz_HC_level2	Neuron_Slc17a7_C1ql2-Penk.4_2	167	15085	0.027564	0.07657	0.0091549	0.0013048	0.028321	0.078673	0.0091364	0.00097011	DropViz_CB_level2	5.9552e-05	0.957280013609401	0.713160970541143
DropViz_CB_level2	Neuron_Slc17a6_Nrgn.4_3	167	15085	0.0052861	0.016387	0.0040825	0.097701	0.0060711	0.018821	0.0040753	0.068157	DropViz_HC_level2	0.00035907	0.865932322499925	0.338621244745628
DropViz_HC_level2	Neuron_Slc17a7_Pvrl3-Grm5.6_2	168	15085	0.01727	0.047467	0.0079389	0.014807	0.018721	0.051453	0.0079079	0.0089655	DropViz_CB_level2	0.00013564	0.89357729349315	0.529377137425673
DropViz_CB_level2	Neuron_Slc17a7_Gabra6.1_1	168	15085	0.014002	0.039437	0.0068571	0.020585	0.015336	0.043195	0.0068305	0.012382	DropViz_HC_level2	3.6591e-05	0.884249681881139	0.429878317455664
DropViz_HC_level2	Neuron_Slc17a7_Pvrl3-Grm5.6_2	169	15085	0.018774	0.051601	0.0079077	0.0088002	0.018721	0.051453	0.0079079	0.0089655	DropViz_CB_level2	0.00013564	1.00394738298463	0.529377137425673
DropViz_CB_level2	Neuron_Slc17a6_Nrgn.4_3	169	15085	0.006115	0.018957	0.0040747	0.066723	0.0060711	0.018821	0.0040753	0.068157	DropViz_HC_level2	0.00035907	1.0079168318074	0.338621244745628
DropViz_HC_level2	Neuron_Slc17a7_Nxph3-Sema3c.3_10	170	15085	0.015133	0.042526	0.010342	0.07171	0.018877	0.053047	0.01016	0.031595	DropViz_CB_level2	0.0010061	0.762752786863922	0.500567904907164
DropViz_CB_level2	Neuron_Slc17a7_Gabra6.1_1	170	15085	0.013429	0.037824	0.0069534	0.02673	0.015336	0.043195	0.0068305	0.012382	DropViz_HC_level2	3.6591e-05	0.824765862589678	0.429878317455664
DropViz_HC_level2	Neuron_Slc17a7_Nxph3-Sema3c.3_10	171	15085	0.017293	0.048594	0.010236	0.045578	0.018877	0.053047	0.01016	0.031595	DropViz_CB_level2	0.0010061	0.893935716027032	0.500567904907164
DropViz_CB_level2	Neuron_Slc17a6_Nrgn.4_3	171	15085	0.0052279	0.016207	0.0041055	0.10145	0.0060711	0.018821	0.0040753	0.068157	DropViz_HC_level2	0.00035907	0.851913300454428	0.338621244745628
DropViz_HC_level2	Neuron_Gad1Gad2_Pvalb_Tac1.1_6	172	15085	0.015779	0.043827	0.0079422	0.023486	0.01818	0.050496	0.0078419	0.010222	DropViz_CB_level2	0.0018428	0.818498019792159	0.727902087299922
DropViz_CB_level2	Neuron_Slc17a7_Gabra6.1_1	172	15085	0.013151	0.037039	0.0069178	0.028663	0.015336	0.043195	0.0068305	0.012382	DropViz_HC_level2	3.6591e-05	0.808866880498379	0.429878317455664
DropViz_HC_level2	Neuron_Gad1Gad2_Pvalb_Tac1.1_6	173	15085	0.017084	0.047451	0.0078916	0.01521	0.01818	0.050496	0.0078419	0.010222	DropViz_CB_level2	0.0018428	0.913289902889266	0.727902087299922
DropViz_CB_level2	Neuron_Slc17a6_Nrgn.4_3	173	15085	0.0050744	0.015731	0.0041007	0.10797	0.0060711	0.018821	0.0040753	0.068157	DropViz_HC_level2	0.00035907	0.828723165248868	0.338621244745628
DropViz_GP_level2	Neuron_Gad1Gad2-Th_Adora2a-Th.3_9	174	15085	0.031768	0.086646	0.0076753	1.7545e-05	0.03507	0.095653	0.0075712	1.8267e-06	DropViz_FC_level2	1.7605e-07	0.828785435953837	0.849574111819938
DropViz_FC_level2	Neuron_Gad1Gad2_Synpr-Pcdh11x.1_6	174	15085	0.022045	0.060706	0.0084682	0.0046219	0.027838	0.076659	0.0083565	0.00043329	DropViz_GP_level2	0.0002541	0.694328211936147	0.935528706069866
DropViz_GP_level2	Neuron_Gad1Gad2-Th_Adora2a-Th.3_9	175	15085	0.030884	0.084236	0.008544	0.00015088	0.03507	0.095653	0.0075712	1.8267e-06	DropViz_FC_level2	1.7605e-07	0.665937037281724	0.849574111819938
DropViz_FC_level2	Neuron_Slc17a7_Syt6-Kit.3_12	175	15085	0.012884	0.03563	0.012187	0.14521	0.033299	0.092084	0.010804	0.0010296	DropViz_GP_level2	0.00028156	0.280519080017106	0.841400132076722
DropViz_GP_level2	Neuron_Gad1Gad2_Lamp5-Cplx3.2_22	176	15085	0.0063169	0.019733	0.0037544	0.046246	0.008467	0.026449	0.0036835	0.010771	DropViz_FC_level2	0.0043559	0.678404224694532	0.833464168467436
DropViz_FC_level2	Neuron_Gad1Gad2_Synpr-Pcdh11x.1_6	176	15085	0.025046	0.068971	0.0085192	0.0016439	0.027838	0.076659	0.0083565	0.00043329	DropViz_GP_level2	0.0002541	0.82781486200923	0.935528706069866
DropViz_GP_level2	Neuron_Gad1Gad2_Lamp5-Cplx3.2_22	177	15085	0.0072386	0.022612	0.003708	0.025472	0.008467	0.026449	0.0036835	0.010771	DropViz_FC_level2	0.0043559	0.810032694758332	0.833464168467436
DropViz_FC_level2	Neuron_Slc17a7_Syt6-Kit.3_12	177	15085	0.030816	0.085217	0.010877	0.0023089	0.033299	0.092084	0.010804	0.0010296	DropViz_GP_level2	0.00028156	0.882592007675079	0.841400132076722
DropViz_GP_level2	Neuron_Gad1Gad2-Th_Adora2a-Th.3_9	178	15085	0.037245	0.10158	0.0090714	2.0265e-05	0.037721	0.10288	0.0089913	1.3711e-05	DropViz_ENT_level2	1.7605e-07	0.965107980803438	0.719968732856586
DropViz_ENT_level2	Neuron_Slc17a6_Pitx2.4_6	178	15085	0.0028119	0.0076916	0.0070908	0.34585	0.0066655	0.018233	0.0070324	0.17162	DropViz_GP_level2	0.0013225	0.602420800696741	0.265903895590752
DropViz_GP_level2	Neuron_Gad1Gad2_Lamp5-Cplx3.2_22	179	15085	0.0073981	0.02311	0.0037513	0.024307	0.0077513	0.024213	0.0037122	0.018405	DropViz_ENT_level2	0.0043559	0.930379786106696	0.734909541872657
DropViz_ENT_level2	Neuron_Slc17a6_Pitx2.4_6	179	15085	0.0046484	0.012715	0.0071057	0.2565	0.0066655	0.018233	0.0070324	0.17162	DropViz_GP_level2	0.0013225	0.771998755640007	0.265903895590752
DropViz_GP_level2	Neuron_Gad1Gad2-Th_Adora2a-Th.3_9	180	15085	0.03137	0.085562	0.0084702	0.00010667	0.036357	0.099165	0.0080019	2.7876e-06	DropViz_CB_level2	1.7605e-07	0.715053554128233	0.822397129964526
DropViz_CB_level2	Neuron_Slc17a7_Gabra6.1_1	180	15085	0.012081	0.034025	0.0067324	0.036383	0.020262	0.057068	0.0063625	0.0007263	DropViz_GP_level2	3.6591e-05	0.45847553264701	0.707493521631439
DropViz_GP_level2	Neuron_Gad1Gad2-Th_Adora2a-Th.3_9	181	15085	0.03355	0.091506	0.0084238	3.4237e-05	0.036357	0.099165	0.0080019	2.7876e-06	DropViz_CB_level2	1.7605e-07	0.803904511550003	0.822397129964526
DropViz_CB_level2	Neuron_Slc17a6_Nrgn.4_3	181	15085	0.0042753	0.013254	0.0040085	0.1431	0.0092649	0.028722	0.0038097	0.0075164	DropViz_GP_level2	0.00035907	0.397534979014805	0.616574908002037
DropViz_GP_level2	Neuron_Gad1Gad2_Lamp5-Cplx3.2_22	182	15085	0.0068791	0.021489	0.0037296	0.032568	0.0082986	0.025923	0.0036987	0.012434	DropViz_CB_level2	0.0043559	0.78052765273729	0.80705294669671
DropViz_CB_level2	Neuron_Slc17a7_Gabra6.1_1	182	15085	0.018718	0.052719	0.0064168	0.0017699	0.020262	0.057068	0.0063625	0.0007263	DropViz_GP_level2	3.6591e-05	0.876761074783821	0.707493521631439
DropViz_GP_level2	Neuron_Gad1Gad2_Lamp5-Cplx3.2_22	183	15085	0.0070962	0.022167	0.0037416	0.028954	0.0082986	0.025923	0.0036987	0.012434	DropViz_CB_level2	0.0043559	0.807337147089854	0.80705294669671
DropViz_CB_level2	Neuron_Slc17a6_Nrgn.4_3	183	15085	0.0081546	0.02528	0.0038541	0.017188	0.0092649	0.028722	0.0038097	0.0075164	DropViz_GP_level2	0.00035907	0.830877056156105	0.616574908002037
DropViz_FC_level2	Neuron_Gad1Gad2_Synpr-Pcdh11x.1_6	184	15085	0.0238	0.06554	0.0087352	0.0032224	0.024257	0.066798	0.0085914	0.0023789	DropViz_ENT_level2	0.0002541	0.949762895934198	0.729798948048092
DropViz_ENT_level2	Neuron_Slc17a6_Pitx2.4_6	184	15085	0.0019956	0.0054587	0.0068875	0.38601	0.0053832	0.014725	0.0067758	0.21347	DropViz_FC_level2	0.0013225	0.61640697625252	0.232982055024967
DropViz_FC_level2	Neuron_Slc17a7_Syt6-Kit.3_12	185	15085	0.024304	0.06721	0.012212	0.023297	0.025194	0.069671	0.012076	0.018484	DropViz_ENT_level2	0.00028156	0.942012574684602	0.488167491571662
DropViz_ENT_level2	Neuron_Slc17a6_Pitx2.4_6	185	15085	0.0033533	0.0091725	0.0068515	0.31227	0.0053832	0.014725	0.0067758	0.21347	DropViz_FC_level2	0.0013225	0.753686462138283	0.232982055024967
DropViz_FC_level2	Neuron_Gad1Gad2_Synpr-Pcdh11x.1_6	186	15085	0.021131	0.05819	0.0087055	0.0076116	0.024649	0.067878	0.0085288	0.0019283	DropViz_CB_level2	0.0002541	0.780353699185196	0.755167989330928
DropViz_CB_level2	Neuron_Slc17a7_Gabra6.1_1	186	15085	0.013677	0.038521	0.0068024	0.022194	0.016996	0.047868	0.0066647	0.0053898	DropViz_FC_level2	3.6591e-05	0.729035654744736	0.51129563148888
DropViz_FC_level2	Neuron_Gad1Gad2_Synpr-Pcdh11x.1_6	187	15085	0.022634	0.062328	0.0086846	0.0045826	0.024649	0.067878	0.0085288	0.0019283	DropViz_CB_level2	0.0002541	0.86152429924543	0.755167989330928
DropViz_CB_level2	Neuron_Slc17a6_Nrgn.4_3	187	15085	0.0050194	0.01556	0.0040812	0.10938	0.0070264	0.021782	0.0040087	0.039829	DropViz_FC_level2	0.00035907	0.686570703517083	0.406349313036172
DropViz_FC_level2	Neuron_Slc17a7_Syt6-Kit.3_12	188	15085	0.018211	0.050359	0.011951	0.063788	0.025095	0.069397	0.011448	0.014194	DropViz_CB_level2	0.00028156	0.646822944841157	0.520470956181039
DropViz_CB_level2	Neuron_Slc17a7_Gabra6.1_1	188	15085	0.013949	0.039288	0.0069578	0.0225	0.016996	0.047868	0.0066647	0.0053898	DropViz_FC_level2	3.6591e-05	0.726414042722427	0.51129563148888
DropViz_FC_level2	Neuron_Slc17a7_Syt6-Kit.3_12	189	15085	0.022282	0.061619	0.011624	0.027634	0.025095	0.069397	0.011448	0.014194	DropViz_CB_level2	0.00028156	0.843422423251064	0.520470956181039
DropViz_CB_level2	Neuron_Slc17a6_Nrgn.4_3	189	15085	0.0056718	0.017583	0.0040701	0.081744	0.0070264	0.021782	0.0040087	0.039829	DropViz_FC_level2	0.00035907	0.776927882912934	0.406349313036172
DropViz_ENT_level2	Neuron_Slc17a6_Pitx2.4_6	190	15085	0.0078802	0.021556	0.0061613	0.10046	0.016252	0.044456	0.0054403	0.0014094	DropViz_CB_level2	0.0013225	0.350059214911271	0.990398615652458
DropViz_CB_level2	Neuron_Slc17a7_Gabra6.1_1	190	15085	0.02005	0.056471	0.0069331	0.0019173	0.024216	0.068205	0.0061203	3.8175e-05	DropViz_ENT_level2	3.6591e-05	0.615023548133029	0.995851629515964
DropViz_ENT_level2	Neuron_Slc17a6_Pitx2.4_6	191	15085	0.010769	0.029457	0.0059518	0.035207	0.016252	0.044456	0.0054403	0.0014094	DropViz_CB_level2	0.0013225	0.509781988253198	0.990398615652458
DropViz_CB_level2	Neuron_Slc17a6_Nrgn.4_3	191	15085	0.0089765	0.027828	0.0039545	0.011614	0.01188	0.03683	0.0036145	0.00050766	DropViz_ENT_level2	0.00035907	0.587361063472582	0.956342048237532
DropViz_TH_level2	Neuron_Slc17a6_Rora_Cacng4.2_10	192	15085	0.020089	0.053629	0.0080033	0.0060404	NA	NA	NA	NA	NA	0.00029836	0.629438588306552	NA
DropViz_TH_level2	Neuron_Gad1Gad2_Gata3.3_6	192	15085	0.017802	0.048388	0.0074758	0.0086322	NA	NA	NA	NA	NA	0.0004187	0.610958916253083	NA
DropViz_SN_level2	Neuron_Slc17a6.2_1	193	15085	0.020291	0.056647	0.0065812	0.0010259	NA	NA	NA	NA	NA	1.5379e-05	0.62099528749623	NA
DropViz_SN_level2	Neuron_Gad1Gad2_Gad2.3_3	193	15085	0.020945	0.055697	0.0085807	0.0073297	NA	NA	NA	NA	NA	0.00010035	0.533930993727423	NA
DropViz_SN_level2	Neuron_Slc17a6.2_1	194	15085	0.022437	0.062636	0.0062947	0.00018296	NA	NA	NA	NA	NA	1.5379e-05	0.776560983022291	NA
DropViz_SN_level2	Neuron_Th_Cbln1.4_2	194	15085	0.014361	0.041832	0.005046	0.0022171	NA	NA	NA	NA	NA	0.00017627	0.707070021982473	NA
DropViz_SN_level2	Neuron_Gad1Gad2_Gad2.3_3	195	15085	0.022288	0.059268	0.008709	0.0052503	NA	NA	NA	NA	NA	0.00010035	0.570170260903719	NA
DropViz_SN_level2	Neuron_Th_Cbln1.4_2	195	15085	0.01255	0.036556	0.0053545	0.0095528	NA	NA	NA	NA	NA	0.00017627	0.538083460623919	NA
DropViz_PC_level2	Neuron_Slc17a7_Syt6-Sla.1_4	196	15085	0.032404	0.089803	0.011345	0.0021462	NA	NA	NA	NA	NA	3.8901e-05	0.605058065840339	NA
DropViz_PC_level2	Neuron_Slc17a7-Slc17a6_Rorb-Pcdh20.2_10	196	15085	0.027234	0.075191	0.011415	0.0085254	NA	NA	NA	NA	NA	0.00014405	0.538667806717251	NA
DropViz_PC_level2	Neuron_Slc17a7_Syt6-Sla.1_4	197	15085	0.040866	0.11326	0.010624	6.0143e-05	NA	NA	NA	NA	NA	3.8901e-05	0.957092372250066	NA
DropViz_PC_level2	Neuron_Gad1Gad2-Chat_Synpr-Slc5a7.4_8	197	15085	0.018951	0.052853	0.007829	0.0077532	NA	NA	NA	NA	NA	0.0048746	0.912830153896054	NA
DropViz_PC_level2	Neuron_Slc17a7_Syt6-Sla.1_4	198	15085	0.040421	0.11202	0.010629	7.1816e-05	NA	NA	NA	NA	NA	3.8901e-05	0.939624018641025	NA
DropViz_PC_level2	Neuron_Gad1Gad2_Pvalb-Nefm.5_2	198	15085	0.021054	0.05747	0.0077691	0.0033682	NA	NA	NA	NA	NA	0.0017772	0.89904183827431	NA
DropViz_PC_level2	Neuron_Slc17a7-Slc17a6_Rorb-Pcdh20.2_10	199	15085	0.037578	0.10375	0.010692	0.00022084	NA	NA	NA	NA	NA	0.00014405	0.951694620198518	NA
DropViz_PC_level2	Neuron_Gad1Gad2-Chat_Synpr-Slc5a7.4_8	199	15085	0.018993	0.052969	0.0078306	0.0076503	NA	NA	NA	NA	NA	0.0048746	0.915339828628766	NA
DropViz_PC_level2	Neuron_Slc17a7-Slc17a6_Rorb-Pcdh20.2_10	200	15085	0.03679	0.10157	0.010705	0.00029538	NA	NA	NA	NA	NA	0.00014405	0.918815853116187	NA
DropViz_PC_level2	Neuron_Gad1Gad2_Pvalb-Nefm.5_2	200	15085	0.020809	0.0568	0.0077769	0.0037325	NA	NA	NA	NA	NA	0.0017772	0.88282450429623	NA
DropViz_PC_level2	Neuron_Gad1Gad2_Pvalb-Nefm.5_2	201	15085	0.018812	0.051349	0.0080112	0.0094393	NA	NA	NA	NA	NA	0.0017772	0.736314926565066	NA
DropViz_PC_level2	Neuron_Gad1Gad2-Chat_Synpr-Slc5a7.4_8	201	15085	0.015526	0.0433	0.0080769	0.027296	NA	NA	NA	NA	NA	0.0048746	0.676409912971092	NA
DropViz_HC_level2	Neuron_Slc17a7_Nxph3-Sema3c.3_10	202	15085	0.027951	0.078546	0.0090917	0.0010567	NA	NA	NA	NA	NA	0.0010061	0.992890221197159	NA
DropViz_HC_level2	Neuron_Gad1Gad2_Pvalb_Tac1.1_6	202	15085	0.022205	0.061675	0.0076864	0.0019362	NA	NA	NA	NA	NA	0.0018428	0.992147799942563	NA
DropViz_HC_level2	Neuron_Slc17a7_C1ql2-Penk.4_2	203	15085	0.036476	0.10133	0.0088301	1.8178e-05	NA	NA	NA	NA	NA	5.9552e-05	1.12197339881605	NA
DropViz_HC_level2	Neuron_Gad1Gad2_Pvalb_Tac1.1_6	203	15085	0.02522	0.07005	0.007716	0.00054183	NA	NA	NA	NA	NA	0.0018428	1.19440882019366	NA
DropViz_HC_level2	Neuron_Slc17a7_Pvrl3-Grm5.6_2	204	15085	0.023042	0.06333	0.0069084	0.00042704	NA	NA	NA	NA	NA	0.00013564	0.871217498769868	NA
DropViz_HC_level2	Neuron_Gad1Gad2_Pvalb_Tac1.1_6	204	15085	0.019409	0.053909	0.0077356	0.0060583	NA	NA	NA	NA	NA	0.0018428	0.810982464142256	NA
DropViz_HC_level2	Neuron_Slc17a7_C1ql2-Penk.4_2	205	15085	0.028825	0.080072	0.0090921	0.00076301	NA	NA	NA	NA	NA	5.9552e-05	0.737844566539774	NA
DropViz_HC_level2	Neuron_Slc17a7_Nxph3-Sema3c.3_10	205	15085	0.020545	0.057734	0.0093974	0.014406	NA	NA	NA	NA	NA	0.0010061	0.614359735053077	NA
DropViz_HC_level2	Neuron_Slc17a7_Pvrl3-Grm5.6_2	206	15085	0.020932	0.057532	0.0071036	0.0016086	NA	NA	NA	NA	NA	0.00013564	0.722293698935611	NA
DropViz_HC_level2	Neuron_Slc17a7_Nxph3-Sema3c.3_10	206	15085	0.020955	0.058885	0.0094085	0.012973	NA	NA	NA	NA	NA	0.0010061	0.629540764290757	NA
DropViz_HC_level2	Neuron_Slc17a7_C1ql2-Penk.4_2	207	15085	0.027594	0.076652	0.0090805	0.0011898	NA	NA	NA	NA	NA	5.9552e-05	0.692178530677035	NA
DropViz_HC_level2	Neuron_Slc17a7_Pvrl3-Grm5.6_2	207	15085	0.019645	0.053994	0.0070862	0.0027869	NA	NA	NA	NA	NA	0.00013564	0.660582930716652	NA
DropViz_GP_level2	Neuron_Gad1Gad2-Th_Adora2a-Th.3_9	208	15085	0.034644	0.09449	0.0073134	1.0951e-06	NA	NA	NA	NA	NA	1.7605e-07	0.88247335307787	NA
DropViz_GP_level2	Neuron_Gad1Gad2_Lamp5-Cplx3.2_22	208	15085	0.0067535	0.021096	0.0036828	0.033353	NA	NA	NA	NA	NA	0.0043559	0.62554588189187	NA
DropViz_FC_level2	Neuron_Gad1Gad2_Synpr-Pcdh11x.1_6	209	15085	0.026523	0.073038	0.0083408	0.00073809	NA	NA	NA	NA	NA	0.0002541	0.871180735122794	NA
DropViz_FC_level2	Neuron_Slc17a7_Syt6-Kit.3_12	209	15085	0.030117	0.083284	0.0095617	0.00081886	NA	NA	NA	NA	NA	0.00028156	0.869413331506163	NA
DropViz_CB_level2	Neuron_Slc17a7_Gabra6.1_1	210	15085	0.020059	0.056496	0.0063726	0.00082459	NA	NA	NA	NA	NA	3.6591e-05	0.695069210228239	NA
DropViz_CB_level2	Neuron_Slc17a6_Nrgn.4_3	210	15085	0.00888	0.027529	0.0037456	0.0088817	NA	NA	NA	NA	NA	0.00035907	0.595532822370981	NA
