Dataset	Cell_type	NGENES	BETA	BETA_STD	SE	P	P.adj.pds	P.adj
DropViz_TH_level2	Neuron_Slc17a6_Rora_Cacng4.2_10	15085	0.026089	0.069647	0.0075976	0.00029836	0.006319872	0.00443614210526316
DropViz_TH_level2	Neuron_Slc17a6_Rora_Calca.2_3	15085	0.02588	0.069708	0.0076081	0.00033586	0.006319872	0.00457361489361702
DropViz_TH_level2	Neuron_Gad1Gad2_Gata3.3_6	15085	0.02371	0.064445	0.007097	0.0004187	0.006319872	0.00473131
DropViz_TH_level2	Neuron_Slc17a6_Rora_Cbln2.2_8	15085	0.024632	0.065958	0.0075839	0.00058257	0.006319872	0.00621041603773585
DropViz_TH_level2	Neuron_Slc17a6_Rora_Lrrtm2.2_9	15085	0.020544	0.054903	0.006394	0.00065832	0.006319872	0.00676274181818182
DropViz_TH_level2	Neuron_Slc17a6_Rora_Atp2b4.2_1	15085	0.02295	0.061529	0.0075029	0.0011132	0.0089056	0.00911533333333333
DropViz_TH_level2	Neuron_Slc17a6_Rora_Fgf10.2_6	15085	0.022072	0.058885	0.007363	0.0013625	0.00901226666666667	0.0105453767123288
DropViz_TH_level2	Neuron_Slc17a6_Rora_Nrp2.2_4	15085	0.022872	0.061763	0.0078009	0.0016867	0.00901226666666667	0.0120852784810127
DropViz_TH_level2	Neuron_Slc17a6_Rora_Pvalb.2_11	15085	0.022015	0.059256	0.0075099	0.0016898	0.00901226666666667	0.0120852784810127
DropViz_TH_level2	Neuron_Slc17a6_Rora_Nptxr.2_2	15085	0.021836	0.058197	0.0078384	0.0026736	0.01283328	0.0173630344827586
DropViz_TH_level2	Neuron_Slc17a6_Nrgn.3_9	15085	0.017598	0.046732	0.0067792	0.004722	0.0206050909090909	0.0244764220183486
DropViz_TH_level2	Neuron_Slc17a6_Ebf1.3_10	15085	0.01679	0.045301	0.0069296	0.0077048	0.0299276307692308	0.0334862461538462
DropViz_TH_level2	Neuron_Slc17a6-Gad1Gad2_Asb4.3_7	15085	0.016224	0.044729	0.0067474	0.0081054	0.0299276307692308	0.0341757537313433
DropViz_TH_level2	Neuron_Slc17a6_Pitx2.3_4	15085	0.014717	0.041061	0.0066768	0.013765	0.0471942857142857	0.0529062925170068
DropViz_TH_level2	Neuron_Slc17a6_Rora_C1ql2.2_5	15085	0.013881	0.037819	0.0066538	0.018488	0.057027	0.064880248447205
DropViz_TH_level2	Neuron_Gad1Gad2_Col25a1.3_8	15085	0.016401	0.042886	0.0079049	0.019009	0.057027	0.0650914242424242
DropViz_TH_level2	Neuron_Slc17a6_Rora_Lypd6.2_7	15085	0.014067	0.037663	0.0070245	0.022623	0.0638767058823529	0.0743139244186047
DropViz_TH_level2	Neuron_Gad1Gad2_Six3-Sst.3_2	15085	0.012573	0.034757	0.0070916	0.038125	0.101666666666667	0.110665051020408
DropViz_TH_level2	Neuron_Gad1Gad2_Ttn.3_11	15085	0.0086186	0.024322	0.0055395	0.059884	0.1504008	0.159596509433962
DropViz_TH_level2	Neuron_Gad1Gad2_Chrnb3.3_5	15085	0.010058	0.028435	0.0065618	0.062667	0.1504008	0.164683046511628
DropViz_TH_level2	Neuron_Slc17a7_Tac2_Wif1.1_3	15085	0.008445	0.023751	0.0061692	0.085527	0.195490285714286	0.207393798283262
DropViz_TH_level2	Neuron_Gad1Gad2_Six3-Adcy1.3_1	15085	0.0088881	0.023309	0.0069947	0.10193	0.222392727272727	0.238964522821577
DropViz_TH_level2	Neuron_Slc17a7_Tac2_Syt15.1_2	15085	0.0064663	0.018382	0.0059006	0.13657	0.2774	0.3014142578125
DropViz_TH_level2	Neuron_Gad1Gad2_Pou6f2-Pax6.3_3	15085	0.008544	0.022824	0.0078657	0.1387	0.2774	0.304924124513619
DropViz_TH_level2	Neuron_Slc17a7_Tac2_Chat.1_1	15085	0.0046741	0.013476	0.0056121	0.20247	0.3887424	0.415983818181818
DropViz_TH_level2	Neuron_Slc17a7_Tac2_Htr2c.1_4	15085	0.0010327	0.0032318	0.003826	0.39361	0.726664615384615	0.697146238244514
DropViz_TH_level2	Macrophage_C1qb_Mrc1.7_1	15085	-6.6282e-05	-0.00019088	0.0037021	0.50714	0.901582222222222	0.848569822485207
DropViz_TH_level2	Oligodendrocyte_Trf_Klk6.8_1	15085	-0.0014763	-0.0039393	0.0054814	0.60616	0.99993	0.962023595505618
DropViz_TH_level2	Oligodendrocyte_Trf_Ndrg2.9_1	15085	-0.0018915	-0.0048303	0.0049743	0.64812	0.99993	1
DropViz_TH_level2	Oligodendrocyte_Trf_Ctps.8_3	15085	-0.0023646	-0.0063008	0.0058047	0.65812	0.99993	1
DropViz_TH_level2	Oligodendrocyte_Trf_Il33.8_2	15085	-0.0026862	-0.0070554	0.0063077	0.66489	0.99993	1
DropViz_TH_level2	Polydendrocyte_Tnr_Pdgfa.12_1	15085	-0.0023887	-0.0067814	0.004783	0.69125	0.99993	1
DropViz_TH_level2	Oligodendrocyte_Trf_Ndrg2.8_4	15085	-0.0041318	-0.01092	0.0059742	0.7554	0.99993	1
DropViz_TH_level2	Ependymal_Ccdc153.10_1	15085	-0.004259	-0.011252	0.0042966	0.83921	0.99993	1
DropViz_TH_level2	Polydendrocyte_Tnr_Cspg5.12_4	15085	-0.0046944	-0.014079	0.004238	0.86599	0.99993	1
DropViz_TH_level2	Polydendrocyte_Tnr_Bmp4.12_3	15085	-0.0062581	-0.017578	0.0054419	0.87491	0.99993	1
DropViz_TH_level2	Microglia_C1qb_Tmem119.7_2	15085	-0.0063403	-0.017816	0.004473	0.92182	0.99993	1
DropViz_TH_level2	Astrocyte_Gja1_Vegfa.11_2	15085	-0.0095151	-0.023759	0.0059539	0.94498	0.99993	1
DropViz_TH_level2	Endothelial_Stalk_Flt1_Vwf.4_4	15085	-0.0077186	-0.021474	0.0043515	0.96194	0.99993	1
DropViz_TH_level2	Endothelial_Stalk_Flt1_Car4.4_3	15085	-0.010698	-0.029019	0.0047878	0.98726	0.99993	1
DropViz_TH_level2	Polydendrocyte_Tnr_Ctps.12_2	15085	-0.010866	-0.030171	0.004847	0.98751	0.99993	1
DropViz_TH_level2	Endothelial_Stalk_Flt1_Pi16.4_2	15085	-0.0068452	-0.021533	0.0028085	0.9926	0.99993	1
DropViz_TH_level2	Endothelial_Tip_Dcn.6_1	15085	-0.010745	-0.029995	0.0041704	0.99501	0.99993	1
DropViz_TH_level2	Endothelial_Tip_Dcn_Nenf.6_2	15085	-0.010472	-0.029775	0.0038048	0.99704	0.99993	1
DropViz_TH_level2	Endothelial_Stalk_Flt1_Gkn3.4_1	15085	-0.012913	-0.035096	0.0046735	0.99713	0.99993	1
DropViz_TH_level2	Astrocyte_Gja1_Myoc.11_1	15085	-0.012138	-0.034816	0.0040835	0.99852	0.99993	1
DropViz_TH_level2	Mural_Rgs5Acta2_Cnn1.5_1	15085	-0.0176	-0.047092	0.0046585	0.99992	0.99993	1
DropViz_TH_level2	Mural_Rgs5Acta2_Car4.5_2	15085	-0.018835	-0.050243	0.0049395	0.99993	0.99993	1
DropViz_STR_level2	Neuron_Gad1Gad2_Drd1-Cxcl14.10_5	15085	0.037856	0.10651	0.0070473	3.9633e-08	2.060916e-06	2.2392645e-05
DropViz_STR_level2	Neuron_Gad1Gad2_Drd1-Nefm.10_4	15085	0.037733	0.10499	0.007807	6.7884e-07	1.764984e-05	0.0001278482
DropViz_STR_level2	Neuron_Gad1Gad2_Adora2a-Nefm.11_1	15085	0.036129	0.10033	0.0078719	2.2397e-06	3.88214666666667e-05	0.000316357625
DropViz_STR_level2	Neuron_Gad1Gad2_Drd1-Lypd1.10_2	15085	0.036466	0.10157	0.008059	3.0466e-06	3.96058e-05	0.0003442658
DropViz_STR_level2	Neuron_Gad1Gad2_Adora2a-Nnat.11_2	15085	0.036603	0.10167	0.0083003	5.212e-06	5.42048e-05	0.000490796666666667
DropViz_STR_level2	Neuron_Gad1Gad2_Adora2a-Fos.11_3	15085	0.032717	0.091868	0.0075172	6.7832e-06	5.87877333333333e-05	0.00052377195
DropViz_STR_level2	Neuron_Gad1Gad2_Drd1-Otof-Sorcs1.13_2	15085	0.029548	0.083092	0.0068765	8.7167e-06	6.47526285714286e-05	0.00052377195
DropViz_STR_level2	Neuron_Gad1Gad2_Drd1-Fos.10_1	15085	0.030562	0.085628	0.0075598	2.6553e-05	0.0001725945	0.00115403423076923
DropViz_STR_level2	Neuron_Gad1Gad2_Adora2a-Otof.13_4	15085	0.025142	0.071125	0.0066938	8.6688e-05	0.000500864	0.002448936
DropViz_STR_level2	Neuron_Gad1Gad2_Drd1-Otof-Lmo2.13_3	15085	0.02402	0.068282	0.0067664	0.00019336	0.001005472	0.00321318823529412
DropViz_STR_level2	Neuron_Gad1Gad2_Drd1-Tpbg.13_1	15085	0.025073	0.070592	0.0074364	0.00037469	0.00164866	0.00457361489361702
DropViz_STR_level2	Neuron_Gad1Gad2_Drd1-Pde1a.10_3	15085	0.026643	0.074612	0.0079121	0.00038046	0.00164866	0.00457361489361702
DropViz_STR_level2	Neuron_Gad1Gad2_Pvalb-Rgs12.14_3	15085	0.01216	0.034696	0.0058426	0.018716	0.074864	0.0650914242424242
DropViz_STR_level2	Neuron_Gad1Gad2-Th_Trh.14_4	15085	0.0094303	0.026907	0.0058038	0.052108	0.1857128	0.142470072463768
DropViz_STR_level2	Neuron_Gad1Gad2_Drd1-Nfib.13_10	15085	0.0076556	0.023111	0.0047512	0.053571	0.1857128	0.1441315
DropViz_STR_level2	Neuron_Gad1Gad2_Pvalb_Pvalb-Megf11.14_1	15085	0.0099866	0.027762	0.0067575	0.069733	0.22663225	0.179904771689498
DropViz_STR_level2	Neuron_Gad1Gad2_Resp18.13_9	15085	0.0089652	0.025398	0.0066317	0.088221	0.269852470588235	0.211207055084746
DropViz_STR_level2	Neuron_Slc17a7_Dkk3.13_8	15085	0.0044917	0.01398	0.0038823	0.12365	0.357211111111111	0.279449
DropViz_STR_level2	Neuron_Gad1Gad2_Adora2a-Th.13_5	15085	0.006617	0.019389	0.0059272	0.13214	0.361646315789474	0.293933464566929
DropViz_STR_level2	Neuron_Gad1Gad2_Chodl.15_1	15085	0.0070077	0.019168	0.0069527	0.15676	0.407576	0.338051145038168
DropViz_STR_level2	Neuron_Slc17a6_Oprk1.13_6	15085	0.0030218	0.0097621	0.0032076	0.17308	0.428579047619048	0.364888805970149
DropViz_STR_level2	Neuron_Gad1Gad2-Chat-Slc17a8_Chat.12_1	15085	0.0055559	0.015486	0.0062514	0.18707	0.442165454545455	0.387159523809524
DropViz_STR_level2	Macrophage_C1qb_Mrc1.6_1	15085	0.0021057	0.0064233	0.003014	0.24239	0.548012173913043	0.475515689655172
DropViz_STR_level2	Neuron_Gad1Gad2_Sgol2a.13_11	15085	0.0017177	0.0053514	0.0027326	0.26481	0.573755	0.508903571428571
DropViz_STR_level2	Neuron_Gad1Gad2_Pnoc.14_2	15085	0.002212	0.0068285	0.0040283	0.29147	0.6062576	0.554479966329966
DropViz_STR_level2	Microglia_C1qb_Tmem119.6_2	15085	0.00097749	0.0026247	0.0048996	0.42093	0.84186	0.731770615384615
DropViz_STR_level2	Oligodendrocyte_Trf_Il33.3_2	15085	-0.0012117	-0.0032012	0.0062826	0.57647	0.99998	0.930587285714286
DropViz_STR_level2	Oligodendrocyte_Trf_Ctps.3_3	15085	-0.0011003	-0.0029809	0.0053108	0.58206	0.99998	0.936934188034188
DropViz_STR_level2	Oligodendrocyte_Trf_Klk6.3_1	15085	-0.0014352	-0.0038708	0.0054245	0.60433	0.99998	0.961820985915493
DropViz_STR_level2	Polydendrocye_Tnr_Ctps.5_4	15085	-0.0016358	-0.0048992	0.0032798	0.69102	0.99998	1
DropViz_STR_level2	Polydendrocye_Tnr_Pdgfa.5_3	15085	-0.0028987	-0.0084251	0.004473	0.74152	0.99998	1
DropViz_STR_level2	Neuron_Slc17a7_Cplx3.13_7	15085	-0.0032201	-0.0096327	0.0047259	0.75218	0.99998	1
DropViz_STR_level2	Polydendrocye_Tnr_Cspg5.5_1	15085	-0.0042951	-0.011928	0.0059176	0.76602	0.99998	1
DropViz_STR_level2	Neurogenesis_Sox4_Stmn2.2_2	15085	-0.0033143	-0.0098618	0.0043214	0.77844	0.99998	1
DropViz_STR_level2	Polydendrocye_Tnr_Bmp4.5_2	15085	-0.0054561	-0.015914	0.0047931	0.8725	0.99998	1
DropViz_STR_level2	Neurogenesis_Sox4_Notum.2_6	15085	-0.0052779	-0.015934	0.0038723	0.91355	0.99998	1
DropViz_STR_level2	Neurogenesis_Sox4_Ung.2_1	15085	-0.0073792	-0.021152	0.0048601	0.93553	0.99998	1
DropViz_STR_level2	Mural_Rgs5Acta2_Col3a1.8_5	15085	-0.0047257	-0.014851	0.0029892	0.94304	0.99998	1
DropViz_STR_level2	Neurogenesis_Sox4_Hist1h2al.2_5	15085	-0.0080411	-0.022702	0.0048254	0.95217	0.99998	1
DropViz_STR_level2	Neurogenesis_Sox4_Stmn2-Csrp2.2_4	15085	-0.006858	-0.020463	0.0039852	0.95735	0.99998	1
DropViz_STR_level2	Astrocyte_Gja1_Notum.4_3	15085	-0.0092644	-0.02544	0.0050151	0.96764	0.99998	1
DropViz_STR_level2	Ependyma_Ccdc153_Ccdc153.1_1	15085	-0.0088954	-0.023322	0.0046153	0.97302	0.99998	1
DropViz_STR_level2	Neurogenesis_Sox4_Tuba1c.2_3	15085	-0.0089057	-0.025467	0.0045849	0.97394	0.99998	1
DropViz_STR_level2	Endothelial_Stalk_Flt1_Car4.7_1	15085	-0.0095442	-0.026054	0.0048449	0.97557	0.99998	1
DropViz_STR_level2	Astrocyte_Gja1_Sparc-Car2.4_2	15085	-0.011885	-0.031179	0.0057021	0.98142	0.99998	1
DropViz_STR_level2	Endothelial_Stalk_Flt1_Gkn3.7_2	15085	-0.0094065	-0.026097	0.0044992	0.98171	0.99998	1
DropViz_STR_level2	Endothelial_Tip_Dcn.9_1	15085	-0.011366	-0.031846	0.004781	0.99128	0.99998	1
DropViz_STR_level2	Mural_Rgs5Acta2_Cnn1.8_2	15085	-0.0089952	-0.026545	0.0035808	0.99399	0.99998	1
DropViz_STR_level2	Mural_Rgs5Acta2_Kcnj8.8_4	15085	-0.010248	-0.030803	0.0036578	0.99745	0.99998	1
DropViz_STR_level2	Astrocyte_Gja1_Htra1.4_1	15085	-0.016378	-0.042742	0.0057538	0.99779	0.99998	1
DropViz_STR_level2	Mural_Rgs5Acta2_Olfr558.8_1	15085	-0.013692	-0.039736	0.0039561	0.99973	0.99998	1
DropViz_STR_level2	Mural_Rgs5Acta2_Ccnd1.8_3	15085	-0.017207	-0.049699	0.0041256	0.99998	0.99998	1
DropViz_SN_level2	Neuron_Slc17a6.2_1	15085	0.025787	0.071989	0.0061852	1.5379e-05	0.000907361	0.000789921363636364
DropViz_SN_level2	Neuron_Gad1Gad2_Gad2.3_3	15085	0.029996	0.079764	0.0080654	0.00010035	0.0025999825	0.00269989285714286
DropViz_SN_level2	Neuron_Th_Aldh1a1.4_8	15085	0.023149	0.063767	0.0064731	0.00017494	0.0025999825	0.0031122671875
DropViz_SN_level2	Neuron_Th_Cbln1.4_2	15085	0.017724	0.05163	0.004959	0.00017627	0.0025999825	0.0031122671875
DropViz_SN_level2	Neuron_Slc17a6-Gad2-Th_Crhbp.3_7	15085	0.020121	0.056167	0.006377	0.00080359	0.0092571	0.007828075
DropViz_SN_level2	Neuron_Slc17a6_Nkx6-1.3_12	15085	0.02162	0.059002	0.0070199	0.0010375	0.0092571	0.00874906716417911
DropViz_SN_level2	Neuron_Slc17a6_Cacna2d1.3_10	15085	0.023615	0.06218	0.0077103	0.0010983	0.0092571	0.00911533333333333
DropViz_SN_level2	Neuron_Gad1Gad2_Sema3e.3_13	15085	0.020171	0.054282	0.0073103	0.0029	0.0201032666666667	0.0182055555555556
DropViz_SN_level2	Neuron_Slc17a6_C1ql2.3_15	15085	0.019581	0.052438	0.0071439	0.0030666	0.0201032666666667	0.0186304193548387
DropViz_SN_level2	Neuron_Slc17a6_Nts.3_9	15085	0.015398	0.043145	0.0059174	0.0046366	0.02735594	0.024256287037037
DropViz_SN_level2	Neuron_Gad1Gad2_Gad2-Kcnc3.3_16	15085	0.014902	0.041073	0.0058897	0.0057068	0.0279850615384615	0.028283701754386
DropViz_SN_level2	Neuron_Gad1Gad2_Ttn.3_14	15085	0.018249	0.049844	0.0072651	0.0060101	0.0279850615384615	0.0295278826086957
DropViz_SN_level2	Neuron_Gad1Gad2_Pax5.3_18	15085	0.017958	0.047988	0.0071752	0.0061662	0.0279850615384615	0.0299686623931624
DropViz_SN_level2	Neuron_Gad1Gad2_Tmem132c.3_19	15085	0.013833	0.038973	0.0055872	0.006651	0.0280292142857143	0.031315125
DropViz_SN_level2	Neuron_Th-Slc17a6-Lpl.4_1	15085	0.01502	0.041773	0.0061717	0.0074782	0.0294142533333333	0.0333166046511628
DropViz_SN_level2	Neuron_Slc17a6_Tcf4.3_6	15085	0.014358	0.039662	0.0063947	0.012384	0.045666	0.0492743661971831
DropViz_SN_level2	Neuron_Th_Vcan.4_5	15085	0.013698	0.038132	0.0062096	0.013704	0.0475609411764706	0.0529062925170068
DropViz_SN_level2	Neuron_Gad1Gad2_Sema3e-Kcng4.3_17	15085	0.010961	0.030832	0.0050853	0.015575	0.0510513888888889	0.057515522875817
DropViz_SN_level2	Neuron_Gad1Gad2_Ndnf.3_4	15085	0.0094735	0.027972	0.004959	0.028052	0.0871088421052632	0.0874477197802198
DropViz_SN_level2	Neuron_Gad1Gad2_Gad2-Fos.3_8	15085	0.0078476	0.02301	0.0048239	0.051898	0.1530991	0.142470072463768
DropViz_SN_level2	Neuron_Gad1Gad2_Rln3.3_5	15085	0.0065175	0.019766	0.0042459	0.062403	0.175322714285714	0.164683046511628
DropViz_SN_level2	Neuron_Th_Nefl.4_7	15085	0.008921	0.02473	0.006128	0.072739	0.188764086956522	0.186806977272727
DropViz_SN_level2	Neuron_Slc17a6_Shox2.3_11	15085	0.009186	0.025246	0.0063366	0.073586	0.188764086956522	0.188043198198198
DropViz_SN_level2	Neuron_Th_C1ql3.4_4	15085	0.0072715	0.020848	0.0053681	0.08779	0.215817083333333	0.211069574468085
DropViz_SN_level2	Neuron_Th_Grin2c.4_9	15085	0.0083566	0.022924	0.0065571	0.10126	0.2389736	0.238382916666667
DropViz_SN_level2	Neuron_Gad1Gad2_Nfib-Satb1.3_1	15085	0.0064597	0.018083	0.006095	0.14462	0.328176153846154	0.316334555984556
DropViz_SN_level2	Neuron_Slc17a7_C1ql3.1_1	15085	0.0040748	0.01238	0.0041033	0.16035	0.339545	0.344478136882129
DropViz_SN_level2	Neuron_Th_Cyp26b1.4_3	15085	0.0060618	0.016998	0.0061241	0.16114	0.339545	0.344864015151515
DropViz_SN_level2	Neuron_Gad1Gad2_Otx2-Chrna3.3_2	15085	0.004242	0.012445	0.0052468	0.20941	0.426041034482759	0.427334408602151
DropViz_SN_level2	Microglia_C1qb_Tmem119.9_2	15085	0.0018653	0.0057577	0.0026905	0.24407	0.480004333333333	0.475515689655172
DropViz_SN_level2	Polydendrocyte_Tnr_Bmp4.5_1	15085	0.0024185	0.0069758	0.0048029	0.30729	0.584842258064516	0.576806810631229
DropViz_SN_level2	Oligodendrocyte_Tfr_Ctps.10_5	15085	0.002386	0.0063272	0.0058008	0.34042	0.627649375	0.621846290322581
DropViz_SN_level2	Oligodendrocyte_Tfr_Plin3.10_2	15085	0.0017821	0.0047272	0.0056077	0.37533	0.671044545454545	0.671080537974683
DropViz_SN_level2	Oligodendrocyte_Tfr_Slco3a1.10_1	15085	0.0013876	0.0036338	0.006179	0.41116	0.713483529411765	0.720471207430341
DropViz_SN_level2	Oligodendrocyte_Tfr_Il33.10_4	15085	0.0010146	0.0026491	0.0062668	0.43569	0.734448857142857	0.752797706422018
DropViz_SN_level2	Oligodendrocyte_Tfr_Ndrg2.10_3	15085	0.00028574	0.00074959	0.0059998	0.48101	0.788321944444444	0.819436636636637
DropViz_SN_level2	Polydendrocyte_Tnr_Tmem2.5_2	15085	-0.00070892	-0.0019926	0.0049291	0.55718	0.888476216216216	0.907582132564841
DropViz_SN_level2	Macrophage_C1qb_Mrc1.9_1	15085	-0.00084564	-0.0024347	0.0038445	0.58705	0.911472368421053	0.939724645892351
DropViz_SN_level2	Neuron_Th_Cadm2.4_6	15085	-0.0012982	-0.0039638	0.0031261	0.66103	0.99999	1
DropViz_SN_level2	Ependyma_Ccdc153.8_1	15085	-0.0014424	-0.0044774	0.0029049	0.69023	0.99999	1
DropViz_SN_level2	Astrocyte_Gja1_Igfbp2.7_3	15085	-0.0019452	-0.0058108	0.0029553	0.74479	0.99999	1
DropViz_SN_level2	Oligodendrocyte_Tnr_Rps24.11_1	15085	-0.0035224	-0.0090172	0.0048902	0.76432	0.99999	1
DropViz_SN_level2	Polydendrocyte_Tnr_Cspg5.6_1	15085	-0.0025509	-0.0079533	0.0033232	0.77863	0.99999	1
DropViz_SN_level2	Endothelial_Stalk_Flt1_Gkn3.12_2	15085	-0.0044459	-0.013143	0.0037192	0.88402	0.99999	1
DropViz_SN_level2	Endothelial_Stalk_Flt1_Vwf.12_4	15085	-0.0065642	-0.018147	0.0044475	0.93001	0.99999	1
DropViz_SN_level2	Polydendrocyte_Tnr_Opalin.5_3	15085	-0.0073878	-0.020535	0.0048179	0.9374	0.99999	1
DropViz_SN_level2	Endothelial_Stalk_Flt1_Car4.12_3	15085	-0.0082828	-0.022586	0.0047049	0.96082	0.99999	1
DropViz_SN_level2	Polydendrocyte_Tnr_Cspg5-Dad1.6_2	15085	-0.009088	-0.026507	0.0048691	0.969	0.99999	1
DropViz_SN_level2	Astrocyte_Gja1_Myoc.7_1	15085	-0.0091526	-0.025361	0.0046816	0.9747	0.99999	1
DropViz_SN_level2	Astrocyte_Gja1_Cst3.7_2	15085	-0.013119	-0.033992	0.0059395	0.9864	0.99999	1
DropViz_SN_level2	Endothelial_Stalk_Flt1_Cdkn1c.12_1	15085	-0.011515	-0.031359	0.0046353	0.9935	0.99999	1
DropViz_SN_level2	Endothelial_Tip_Dcn_Ifitm1.14_2	15085	-0.0096017	-0.026951	0.0037793	0.99446	0.99999	1
DropViz_SN_level2	Endothelial_Tip_Dcn_Mgp.14_1	15085	-0.011478	-0.032462	0.0038995	0.99837	0.99999	1
DropViz_SN_level2	Mural_Rgs5Acta2_Cbr2.13_4	15085	-0.01209	-0.033879	0.0039776	0.99881	0.99999	1
DropViz_SN_level2	Mural_Rgs5Acta2_Kcnj8.13_2	15085	-0.0090126	-0.027907	0.0029408	0.99891	0.99999	1
DropViz_SN_level2	Endothelial_Tip_Dcn_Alcam.14_3	15085	-0.0081641	-0.024251	0.0026406	0.999	0.99999	1
DropViz_SN_level2	Mural_Rgs5Acta2_Cd9.13_3	15085	-0.016739	-0.045171	0.0046077	0.99986	0.99999	1
DropViz_SN_level2	Mural_Rgs5Acta2_Rgs5.13_1	15085	-0.017271	-0.047608	0.0044521	0.99995	0.99999	1
DropViz_SN_level2	Mural_Rgs5Acta2_Fos.13_5	15085	-0.015713	-0.045384	0.003607	0.99999	0.99999	1
DropViz_PC_level2	Neuron_Slc17a7_Syt6-Sla.1_4	15085	0.041958	0.11628	0.010616	3.8901e-05	0.002232775	0.00129288617647059
DropViz_PC_level2	Neuron_Slc17a7_Syt6-Nefm.1_8	15085	0.038695	0.10724	0.010459	0.00010837	0.002232775	0.00278313863636364
DropViz_PC_level2	Neuron_Slc17a7-Slc17a6_Calb1-Rorb-Il1rapl2.2_13	15085	0.041854	0.11522	0.011456	0.0001299	0.002232775	0.00280649137931034
DropViz_PC_level2	Neuron_Sc17a7_Rorb-BC006965.2_9	15085	0.038525	0.10637	0.010592	0.00013839	0.002232775	0.00280649137931034
DropViz_PC_level2	Neuron_Slc17a7_Syt6-Tox.1_7	15085	0.036739	0.10269	0.010108	0.00013958	0.002232775	0.00280649137931034
DropViz_PC_level2	Neuron_Slc17a7-Slc17a6_Rorb-Pcdh20.2_10	15085	0.038743	0.10696	0.010683	0.00014405	0.002232775	0.00280649137931034
DropViz_PC_level2	Neuron_Sc17a7_Calb1-Ddit4l.2_1	15085	0.036824	0.10085	0.010342	0.00018554	0.00246503142857143	0.0031766696969697
DropViz_PC_level2	Neuron_Sc17a7_Fermt1.2_12	15085	0.033852	0.093249	0.0097834	0.00027068	0.00312733636363636	0.00424817222222222
DropViz_PC_level2	Neuron_Sc17a7_Calb1-Lpl.2_5	15085	0.036152	0.098901	0.010577	0.00031612	0.00312733636363636	0.0045027675
DropViz_PC_level2	Neuron_Sc17a7_Rorb-Gpr83.2_11	15085	0.037732	0.10387	0.011151	0.00035846	0.00312733636363636	0.00457361489361702
DropViz_PC_level2	Neuron_Sc17a7_Calb1-Otof.2_6	15085	0.033129	0.09059	0.0098156	0.0003699	0.00312733636363636	0.00457361489361702
DropViz_PC_level2	Neuron_Sc17a7_Calb1-Lpl-Penk.2_7	15085	0.031158	0.085732	0.0093866	0.0004522	0.00350455	0.00500966666666667
DropViz_PC_level2	Neuron_Sc17a7_Sema3e-Onecut2.2_18	15085	0.033892	0.093602	0.01041	0.00056658	0.00405322615384615	0.00615610961538462
DropViz_PC_level2	Neuron_Slc17a7_Syt6-Fos.1_9	15085	0.03024	0.084512	0.0097564	0.00097117	0.00623224	0.00861282575757576
DropViz_PC_level2	Neuron_Slc17a7_Syt6-Tshz2-Nrep.1_3	15085	0.030537	0.085094	0.0098849	0.0010052	0.00623224	0.00861282575757576
DropViz_PC_level2	Neuron_Sc17a7_Sema3e-Nnat.2_17	15085	0.033124	0.091285	0.011141	0.0014769	0.00858448125	0.01112598
DropViz_PC_level2	Neuron_Gad1Gad2_Pvalb-Nefm.5_2	15085	0.022631	0.061773	0.0077617	0.0017772	0.00972232941176471	0.012551475
DropViz_PC_level2	Neuron_Sc17a7_Calb1-Fos.2_4	15085	0.026463	0.073018	0.0093431	0.002314	0.0119556666666667	0.0155644047619048
DropViz_PC_level2	Neuron_Gad1Gad2_Pvalb-Cartpt.5_3	15085	0.021642	0.059523	0.007934	0.0031923	0.0156254684210526	0.0191877606382979
DropViz_PC_level2	Neuron_Slc17a7_Bcl6-Dditl.3_2	15085	0.023904	0.067017	0.008847	0.0034503	0.016043895	0.0200971082474227
DropViz_PC_level2	Neuron_Sc17a7_Calb1-Tshz2.2_2	15085	0.028461	0.078664	0.010919	0.004576	0.0202534625	0.0241629906542056
DropViz_PC_level2	Neuron_Gad1Gad2-Chat_Synpr-Slc5a7.4_8	15085	0.020229	0.056417	0.0078258	0.0048746	0.0202534625	0.0250377181818182
DropViz_PC_level2	Neuron_Sc17a7_Crym.2_16	15085	0.026197	0.071676	0.010211	0.0051548	0.0202534625	0.026004125
DropViz_PC_level2	Neuron_Slc17a7_Bcl6-Tcerg1l.3_4	15085	0.026325	0.072871	0.01028	0.0052267	0.0202534625	0.0261335
DropViz_PC_level2	Neuron_Slc17a7_Bcl6-Pvalb.3_9	15085	0.021751	0.060269	0.0088009	0.006735	0.0250542	0.0314485537190083
DropViz_PC_level2	Neuron_Slc17a7_Bcl6-Npnt.3_10	15085	0.022007	0.061452	0.0090255	0.0073841	0.0264123576923077	0.0333166046511628
DropViz_PC_level2	Neuron_Sc17a7_Calb1-Lpl-Cadm2.2_8	15085	0.013287	0.037924	0.0058749	0.011866	0.0408717777777778	0.0478877857142857
DropViz_PC_level2	Neuron_Sc17a7_Oprk1.2_15	15085	0.018048	0.050351	0.0080883	0.012836	0.0426338571428571	0.0507156643356643
DropViz_PC_level2	Neuron_Slc17a7_Bcl6-Fos.3_5	15085	0.019985	0.055557	0.0090513	0.013632	0.0437164137931034	0.0529062925170068
DropViz_PC_level2	Neuron_Slc17a7_Syt6-Slc24a2.1_6	15085	0.012576	0.036394	0.0057847	0.014861	0.04536	0.0556057284768212
DropViz_PC_level2	Neuron_Slc17a7_Syt6-Nnat.1_5	15085	0.017269	0.049089	0.0079684	0.01512	0.04536	0.0562026315789474
DropViz_PC_level2	Neuron_Slc17a7_Bcl6-Tshz2-Syt2.3_8	15085	0.017352	0.048302	0.0082585	0.017822	0.0516488181818182	0.063329748427673
DropViz_PC_level2	Neuron_Slc17a7-Slc17a6_Tshz2.2_14	15085	0.024074	0.066334	0.01152	0.018327	0.0516488181818182	0.06471721875
DropViz_PC_level2	Neuron_Slc17a7_Bcl6-Cbln1.3_1	15085	0.018951	0.052687	0.0091327	0.019	0.0519705882352941	0.0650914242424242
DropViz_PC_level2	Neuron_Gad1Gad2_Synpr-Pcdh11x.4_9	15085	0.01534	0.04291	0.0076016	0.021809	0.0579496285714286	0.0720589766081871
DropViz_PC_level2	Neuron_Slc17a7-Slc17a6_Tshz2-Npnt.6_6	15085	0.021203	0.058575	0.010724	0.024015	0.06203875	0.0770379096045198
DropViz_PC_level2	Neuron_Slc17a7-Slc17a6_Tshz2-Prlr.6_7	15085	0.016283	0.045952	0.0084979	0.027685	0.0695866216216216	0.0869001388888889
DropViz_PC_level2	Neuron_Gad1Gad2_Cplx3-Egln3.4_3	15085	0.012263	0.034988	0.0072231	0.044784	0.109602947368421	0.125262178217822
DropViz_PC_level2	Neuron_Slc17a7_Syt6-Cplx3.1_1	15085	0.012255	0.034374	0.0086542	0.07838	0.183255365853659	0.198586098654709
DropViz_PC_level2	Neuron_Slc17a7-Slc17a6_Tshz2-Cabp7.6_5	15085	0.014159	0.039062	0.010026	0.078949	0.183255365853659	0.199134754464286
DropViz_PC_level2	Neuron_Slc17a7_Bcl6-C1ql2.3_3	15085	0.013371	0.037136	0.009552	0.08079	0.183255365853659	0.201085242290749
DropViz_PC_level2	Neuron_Sc17a7_Tshz2-Smoc1.2_3	15085	0.010862	0.030429	0.0088268	0.10925	0.241910714285714	0.25194387755102
DropViz_PC_level2	Neuron_Slc17a7_Bcl6-Ndst4.3_6	15085	0.0050929	0.015523	0.0044395	0.12566	0.271776279069767	0.280624110671937
DropViz_PC_level2	Neuron_Gad1Gad2_Cplx3-Reln.4_1	15085	0.008881	0.024707	0.0084383	0.1463	0.309225	0.3167030651341
DropViz_PC_level2	Neuron_Gad1Gad2_Sst-Pdyn.5_6	15085	0.0071032	0.019475	0.0078973	0.18422	0.380721333333333	0.384074907749077
DropViz_PC_level2	Neuron_Slc17a7-Slc17a6_Tshz2-Rasd1.6_3	15085	0.0066774	0.019027	0.0082686	0.20968	0.417038571428571	0.427334408602151
DropViz_PC_level2	Neuron_Gad1Gad2_Sst-Crh.5_5	15085	0.0055474	0.015614	0.0069436	0.21218	0.417038571428571	0.428148928571429
DropViz_PC_level2	Neuron_Slc17a7-Slc17a8_Fezf2-Slc17a8.7_1	15085	0.0066541	0.018724	0.0084614	0.21582	0.417038571428571	0.432405319148936
DropViz_PC_level2	Neuron_Gad1Gad2-Slc17a8_Synpr-Sncg-Yjefn3.4_4	15085	0.004737	0.013572	0.006127	0.21973	0.417038571428571	0.438683568904594
DropViz_PC_level2	Neuron_Slc17a7-Slc17a6_Tshz2-Fos.6_2	15085	0.0036647	0.011109	0.0050726	0.23502	0.4371372	0.464287762237762
DropViz_PC_level2	Neuron_Slc17a7-Slc17a6_Tshz2-Nnat.6_4	15085	0.0044495	0.012985	0.0064102	0.2438	0.444576470588235	0.475515689655172
DropViz_PC_level2	Neuron_Gad1Gad2_Cplx3-Npy.4_2	15085	0.0048459	0.013627	0.0074364	0.25732	0.460206923076923	0.497896575342466
DropViz_PC_level2	Neuron_Slc17a7-Slc17a6_Shisa8.6_1	15085	0.0054647	0.01508	0.010617	0.30337	0.532328490566038	0.571346833333333
DropViz_PC_level2	Neuron_Gad1Gad2_Synpr-Sncg.4_5	15085	0.0029301	0.0084857	0.005987	0.31228	0.537815555555556	0.580388815789474
DropViz_PC_level2	Neuron_Slc17a7-Slc17a8_Syt6-Lancl3.1_2	15085	0.0025162	0.0074865	0.0053312	0.31847	0.538503818181818	0.58995262295082
DropViz_PC_level2	Neuron_Gad1Gad2-Th_Nr4a2.5_4	15085	0.0015065	0.0045701	0.0043944	0.36587	0.607605535714286	0.662553044871795
DropViz_PC_level2	Neuron_Gad1Gad2_Synpr-Crispld2.4_7	15085	0.0020688	0.0058988	0.0064194	0.37362	0.609590526315789	0.67014380952381
DropViz_PC_level2	Neuron_Gad1Gad2_Sst-Nr2f2.5_7	15085	0.0014123	0.0041689	0.0052281	0.39353	0.628065254237288	0.697146238244514
DropViz_PC_level2	Neuron_Slc17a7_Bcl6-Ptgfr.3_7	15085	0.00092803	0.002935	0.0036058	0.39845	0.628065254237288	0.701796884735203
DropViz_PC_level2	Oligodendrocyte_Tfr_Ctps.9_1	15085	0.00054179	0.0014487	0.0053243	0.45948	0.712194	0.789076595744681
DropViz_PC_level2	Microglia_C1qb_Tmem119.11_1	15085	0.00016622	0.0004456	0.0054931	0.48793	0.743893278688525	0.825390568862275
DropViz_PC_level2	Neuron_Gad1Gad2_Pvalb-Unc5b.5_1	15085	-7.8722e-05	-0.00024174	0.0041085	0.50764	0.76146	0.848569822485207
DropViz_PC_level2	Neuron_Gad1Gad2_Synpr-Nnat.4_6	15085	-0.00063298	-0.0019122	0.0049041	0.55135	0.80487140625	0.905560319767442
DropViz_PC_level2	Oligodendrocyte_Tfr_Sez6.9_5	15085	-0.00066747	-0.0018339	0.0049263	0.55389	0.80487140625	0.907095217391304
DropViz_PC_level2	Neuron_Slc17a7-Slc17a6_Fezf2-3110035E14Rik.7_3	15085	-0.0024072	-0.0068966	0.007404	0.62745	0.897736153846154	0.984747916666667
DropViz_PC_level2	Neuron_Slc17a7-Slc17a6_Fezf2-Htr2c.7_2	15085	-0.0035366	-0.0098363	0.0089423	0.65376	0.921207272727273	1
DropViz_PC_level2	Polydendrocyte_Tnr_Cspg5.10_1	15085	-0.0027655	-0.0076457	0.0059017	0.68031	0.944310895522388	1
DropViz_PC_level2	Oligodendrocyte_Tfr_Il33.9_4	15085	-0.0038427	-0.010215	0.0056923	0.75018	0.99972	1
DropViz_PC_level2	Oligodendrocyte_Tfr_Klk6.9_3	15085	-0.0037908	-0.010337	0.0050015	0.77575	0.99972	1
DropViz_PC_level2	Endothelial_Tip_Dcn_Mgp-Penk.14_1	15085	-0.0048975	-0.013343	0.004897	0.84136	0.99972	1
DropViz_PC_level2	Microglia_C1qb_Tmem119-Junb.11_4	15085	-0.002718	-0.0076341	0.0025815	0.8538	0.99972	1
DropViz_PC_level2	Oligodendrocyte_Tfr_Tmem2.9_2	15085	-0.0041243	-0.012404	0.0035449	0.87767	0.99972	1
DropViz_PC_level2	Polydendrocyte_Tnr_Lims2-Tmsb4x.10_4	15085	-0.0060694	-0.018092	0.0043726	0.91743	0.99972	1
DropViz_PC_level2	Astrocyte_Gja1_Sparc.8_3	15085	-0.007451	-0.019725	0.0052719	0.92121	0.99972	1
DropViz_PC_level2	Macrophage_C1qb_Mrc1.11_2	15085	-0.0056563	-0.016261	0.0039089	0.92605	0.99972	1
DropViz_PC_level2	Mural_Acta2Rgs5_Fos.13_2	15085	-0.0039952	-0.012332	0.0027368	0.92782	0.99972	1
DropViz_PC_level2	Polydendrocyte_Tnr_Dlx1.10_2	15085	-0.006269	-0.01887	0.0036572	0.95674	0.99972	1
DropViz_PC_level2	Polydendrocyte_Tnr_Tmsb4x.10_3	15085	-0.0088051	-0.02488	0.0050368	0.95977	0.99972	1
DropViz_PC_level2	Astrocyte_Gja1_Myoc.8_2	15085	-0.010565	-0.027519	0.005483	0.97299	0.99972	1
DropViz_PC_level2	Endothelial_Stalk_Flt1_Vwf.12_2	15085	-0.0086626	-0.023901	0.0042977	0.97807	0.99972	1
DropViz_PC_level2	Endothelial_Tip_Dcn_Mgp-Clu.14_2	15085	-0.0085903	-0.024189	0.004204	0.97948	0.99972	1
DropViz_PC_level2	Astrocyte_Gja1_Igfbp2.8_1	15085	-0.011188	-0.02927	0.005469	0.9796	0.99972	1
DropViz_PC_level2	Endothelial_Stalk_Flt1_Gm9946.12_3	15085	-0.0097743	-0.026441	0.0046426	0.98236	0.99972	1
DropViz_PC_level2	Endothelial_Tip_Dcn_Nnat.14_3	15085	-0.0080522	-0.022557	0.003763	0.98381	0.99972	1
DropViz_PC_level2	Microglia_C1qb_Tmem119-Fos.11_3	15085	-0.0055318	-0.016783	0.0024998	0.98654	0.99972	1
DropViz_PC_level2	Endothelial_Stalk_Flt1_Car4.12_1	15085	-0.011226	-0.030775	0.0045657	0.99302	0.99972	1
DropViz_PC_level2	Endothelial_Stalk_Flt1_Gkn3.12_4	15085	-0.010511	-0.029315	0.0041063	0.99476	0.99972	1
DropViz_PC_level2	Endothelial_Tip_Dcn_Inmt.14_5	15085	-0.0089083	-0.026843	0.0032349	0.99705	0.99972	1
DropViz_PC_level2	Endothelial_Tip_Dcn_Coch.14_4	15085	-0.012893	-0.035794	0.0041126	0.99914	0.99972	1
DropViz_PC_level2	Mural_Acta2Rgs5_Abcc9.13_5	15085	-0.0091924	-0.028954	0.0029137	0.9992	0.99972	1
DropViz_PC_level2	Mural_Acta2Rgs5Rgs5.13_3	15085	-0.013552	-0.037994	0.0042065	0.99936	0.99972	1
DropViz_PC_level2	Mural_Acta2Rgs5_Acta2.13_1	15085	-0.014707	-0.040421	0.0043885	0.9996	0.99972	1
DropViz_PC_level2	Mural_Acta2Rgs5_Kcnj8-Abcc9.13_4	15085	-0.01157	-0.035317	0.0033562	0.99972	0.99972	1
DropViz_HC_level2	Neuron_Slc17a7_C1ql2-Penk.4_2	15085	0.033859	0.094057	0.0087968	5.9552e-05	0.00569143666666667	0.00186927111111111
DropViz_HC_level2	Neuron_Slc17a7_Pvrl3-Grm5.6_2	15085	0.025005	0.068725	0.0068652	0.00013564	0.00569143666666667	0.00280649137931034
DropViz_HC_level2	Neuron_Slc17a7_C1ql2-Cck.4_1	15085	0.030951	0.085979	0.0086208	0.00016577	0.00569143666666667	0.0031122671875
DropViz_HC_level2	Neuron_Slc17a7_Fibcd1-Kitl.5_4	15085	0.028535	0.079465	0.0090994	0.00085817	0.0148040428571429	0.00818601639344262
DropViz_HC_level2	Neuron_Slc17a7_Fibcd1-Nrip3.5_2	15085	0.027898	0.078158	0.0090008	0.00097112	0.0148040428571429	0.00861282575757576
DropViz_HC_level2	Neuron_Slc17a7_Pvrl3-Inhba.6_7	15085	0.026684	0.074095	0.0086304	0.00099658	0.0148040428571429	0.00861282575757576
DropViz_HC_level2	Neuron_Slc17a7_Nxph3-Sema3c.3_10	15085	0.028091	0.078938	0.0090939	0.0010061	0.0148040428571429	0.00861282575757576
DropViz_HC_level2	Neuron_Slc17a7_Fibcd1-Grm5.5_5	15085	0.016609	0.047266	0.0056005	0.0015126	0.019474725	0.0112449868421053
DropViz_HC_level2	Neuron_Gad1Gad2_Pvalb_Tac1.1_6	15085	0.022331	0.062024	0.0076886	0.0018428	0.0210898222222222	0.0128540987654321
DropViz_HC_level2	Neuron_Slc17a7_Pvrl3-Nos1.6_1	15085	0.026068	0.072018	0.0092996	0.0025342	0.0242620461538462	0.0168449764705882
DropViz_HC_level2	Neuron_Slc17a7_Fibcd1-Nptx2.5_3	15085	0.026107	0.072608	0.0094167	0.0027854	0.0242620461538462	0.0178406685393258
DropViz_HC_level2	Neuron_Slc17a7_Fezf2-Rxfp1.5_15	15085	0.022093	0.061768	0.0080176	0.0029336	0.0242620461538462	0.0182141098901099
DropViz_HC_level2	Neuron_Slc17a7_FIbcd1-Inhba.5_7	15085	0.025233	0.070281	0.0092042	0.0030622	0.0242620461538462	0.0186304193548387
DropViz_HC_level2	Neuron_Slc17a7_Pvrl3-St18.6_3	15085	0.023018	0.063322	0.0085479	0.0035462	0.0253186875	0.0204449285714286
DropViz_HC_level2	Neuron_Slc17a7_Fibcd1-Lypd1.5_1	15085	0.026488	0.073737	0.009962	0.0039244	0.0253186875	0.0220014356435644
DropViz_HC_level2	Neuron_Slc17a7_Rgs14.6_4	15085	0.020786	0.057719	0.0078196	0.003933	0.0253186875	0.0220014356435644
DropViz_HC_level2	Neuron_Slc17a7_Calb2-Vgll3.6_5	15085	0.018209	0.050917	0.0073845	0.0068414	0.0396847555555556	0.0316835327868852
DropViz_HC_level2	Neuron_Slc17a7_Fezf2-Efna5.5_14	15085	0.021999	0.060781	0.0089394	0.0069352	0.0396847555555556	0.0318568130081301
DropViz_HC_level2	Neuron_Gad1Gad2_Sst_Spon1.1_5	15085	0.016835	0.047387	0.0069348	0.0076068	0.0412368631578947	0.0333166046511628
DropViz_HC_level2	Neuron_Slc17a7_Dcn-Pou3f1.5_6	15085	0.022994	0.063627	0.0099453	0.010396	0.0535394	0.0425172661870504
DropViz_HC_level2	Neuron_Slc17a7_Dcn-Camk2d.5_9	15085	0.016437	0.045945	0.0077483	0.016955	0.0831602380952381	0.0618328709677419
DropViz_HC_level2	Neuron_Gad1Gad2Slc17a8_Sst_Ncam2.1_4	15085	0.015794	0.044183	0.0077219	0.020422	0.0956120909090909	0.0686811309523809
DropViz_HC_level2	Neuron_Slc17a7_Cbln1-Trps1.5_12	15085	0.014142	0.040432	0.0071168	0.023462	0.10215025	0.0763724137931034
DropViz_HC_level2	Neuron_Slc17a7_Fibcd1-Fos.5_8	15085	0.016521	0.046823	0.0083396	0.023802	0.10215025	0.0768464571428571
DropViz_HC_level2	Neuron_Slc17a7_Cbln1-Gpr88.5_11	15085	0.016585	0.045895	0.0090541	0.033506	0.13804472	0.101778978494624
DropViz_HC_level2	Gad1Gad2_Cplx3_Rxfp1.1_11	15085	0.013843	0.039463	0.0078176	0.038309	0.147634517241379	0.110665051020408
DropViz_HC_level2	Gad1Gad2_Htr3a_Phlda1.1_18	15085	0.012174	0.034915	0.0069812	0.040605	0.147634517241379	0.115867803030303
DropViz_HC_level2	Neuron_Gad1Gad2_Pvalb_Gfra1.1_7	15085	0.011546	0.032581	0.0066459	0.04118	0.147634517241379	0.116918090452261
DropViz_HC_level2	Gad1Gad2_Id2_Tac1.1_13	15085	0.011939	0.034315	0.0068896	0.041567	0.147634517241379	0.117426775
DropViz_HC_level2	Neuron_Gad1Gad2_Sst_Grm1.1_9	15085	0.011566	0.032643	0.0071216	0.052197	0.1792097	0.142470072463768
DropViz_HC_level2	Gad1Gad2_Htr3a_Efba5.1_19	15085	0.0097033	0.028332	0.0061314	0.056774	0.188636193548387	0.152025165876777
DropViz_HC_level2	Neuron_Slc17a7_Nxph3-Hpcal-Krt12.3_7	15085	0.013908	0.038825	0.0091306	0.063864	0.20556225	0.167051666666667
DropViz_HC_level2	Neuron_Slc17a7_Reln.5_10	15085	0.0092414	0.026721	0.006139	0.066126	0.206393272727273	0.172171382488479
DropViz_HC_level2	Neuron_Slc17a7_Nxph3-Hpcal-Igfbp4.3_6	15085	0.0142	0.039569	0.0095722	0.068988	0.208993058823529	0.178799174311927
DropViz_HC_level2	Neuron_Gad1Gad2_Sst_Pcdh11x.1_10	15085	0.0091931	0.026534	0.0065445	0.080065	0.224106315789474	0.2001625
DropViz_HC_level2	Neuron_Gad1Gad2_Sst_Atp2b4.1_3	15085	0.0064755	0.019513	0.0046367	0.081283	0.224106315789474	0.201424978070175
DropViz_HC_level2	Neuron_Gad1Gad2_Id2_Sfrp2.1_2	15085	0.0079955	0.023668	0.0057445	0.081995	0.224106315789474	0.202302074235808
DropViz_HC_level2	Neuron_Gad1Gad2_Pvalb_C1ql1.1_1	15085	0.0097828	0.027835	0.0070515	0.08268	0.224106315789474	0.203105217391304
DropViz_HC_level2	Neuron_Slc17a7_Pvrl3-Fos.6_8	15085	0.010835	0.030512	0.0078953	0.084994	0.224471333333333	0.207393798283262
DropViz_HC_level2	Neuron_Slc17a7_Cbln4.2_1	15085	0.010515	0.029863	0.0080056	0.094529	0.243412175	0.225353945147679
DropViz_HC_level2	Neuron_Slc17a7_Nxph3-Ajap1.3_11	15085	0.0090626	0.025979	0.0071659	0.103	0.258756097560976	0.240438888888889
DropViz_HC_level2	Gad1Gad2_Id2_Bcl11b.1_14	15085	0.010426	0.029339	0.0085229	0.11061	0.271257857142857	0.254043292682927
DropViz_HC_level2	Neuron_Slc17a7_Calb2-Adcyap1.6_6	15085	0.0098418	0.026985	0.0083096	0.11814	0.282986511627907	0.270239271255061
DropViz_HC_level2	Neuron_Slc17a7_Nxph3-Cplx3-Pappa2.3_9	15085	0.0069098	0.020093	0.0059298	0.12197	0.285516	0.277875201612903
DropViz_HC_level2	Gad1Gad2_Id2_Prlr.1_15	15085	0.0094122	0.026632	0.0081727	0.12474	0.285516	0.279675
DropViz_HC_level2	Neuron_Slc17a6_Nts.2_3	15085	0.0073665	0.0212	0.0069809	0.14567	0.326174130434783	0.316552115384615
DropViz_HC_level2	Neuron_Gad1Gad2_Sst_Rbp4.1_8	15085	0.0071275	0.020192	0.0072358	0.16231	0.355700638297872	0.346057169811321
DropViz_HC_level2	Neuron_Slc17a6_Nell1.2_5	15085	0.0082637	0.022953	0.0090761	0.18129	0.389018125	0.379366111111111
DropViz_HC_level2	Gad1Gad2_Cplx3_Tox.1_12	15085	0.0062545	0.018073	0.0069844	0.18527	0.389445102040816	0.384843933823529
DropViz_HC_level2	Neuron_Slc17a7_Nxph3-Cplx3-Hs6st2.3_8	15085	0.0065937	0.018665	0.0078029	0.19905	0.410043	0.410449817518248
DropViz_HC_level2	Neuron_Slc17a6_Nefm.2_6	15085	0.0073052	0.020284	0.0090761	0.21045	0.417227735849057	0.427334408602151
DropViz_HC_level2	Gad1Gad2Chat_Htr3a_Chat.1_17	15085	0.0065444	0.018431	0.0081508	0.21102	0.417227735849057	0.427334408602151
DropViz_HC_level2	Neuron_Slc17a7-Slc17a6_Nxph3-Cbln2-Kcnh8.3_3	15085	0.0064709	0.018094	0.0081882	0.21469	0.417227735849057	0.431672064056939
DropViz_HC_level2	Neuron_Slc17a6_Nnat.2_4	15085	0.0054486	0.015639	0.007517	0.23428	0.446867407407407	0.464287762237762
DropViz_HC_level2	Neuron_Slc17a7_Nxph3-Hpcal1-Fos.3_5	15085	0.0030195	0.0092175	0.0047711	0.26341	0.493295090909091	0.507940784982935
DropViz_HC_level2	Neuron_Slc17a7-Slc17a6_Nxph3-Cbln2-Htr2c.3_2	15085	0.0047743	0.013307	0.0083879	0.28462	0.5234975	0.543278040540541
DropViz_HC_level2	Gad1Gad2_Htr3a_Sema3c.1_27	15085	0.0033605	0.0098272	0.0062608	0.29572	0.534371228070175	0.558802006688963
DropViz_HC_level2	Neuron_Slc17a7_Ptgfr.5_13	15085	0.002674	0.0079731	0.005397	0.31014	0.550765862068966	0.58022880794702
DropViz_HC_level2	Neuron_Slc17a7_Nxph3-Hpcal1-Tpbg.3_4	15085	0.0017685	0.0055334	0.0039092	0.32549	0.5668605	0.600986437908497
DropViz_HC_level2	Neurogenesis_Sox4_Gabra5.13_5	15085	0.0025783	0.0073841	0.0058685	0.33021	0.5668605	0.607715472312704
DropViz_HC_level2	Neuron_Slc17a6_Htr1a.2_2	15085	0.0031041	0.0088376	0.0075852	0.34119	0.576107704918033	0.621846290322581
DropViz_HC_level2	Gad1Gad2_Htr3a_Chrm2.1_25	15085	0.0021726	0.0063349	0.0061721	0.36242	0.602084838709677	0.65841575562701
DropViz_HC_level2	Gad1Gad2Slc17a8_Htr3a_Ktcd12.1_24	15085	0.0027333	0.0077078	0.0081451	0.3686	0.602631746031746	0.665364217252396
DropViz_HC_level2	Gad1Gad2_Htr3a_Htr1b.1_26	15085	0.0024105	0.0068576	0.0076676	0.37662	0.6061228125	0.671262776025237
DropViz_HC_level2	Gad1Gad2_Htr3a_Krt73.1_23	15085	0.0021528	0.0060476	0.0083881	0.39872	0.631817846153846	0.701796884735203
DropViz_HC_level2	Neuron_Slc17a6_Grp.2_7	15085	0.0017831	0.0049623	0.0088098	0.41981	0.65515803030303	0.731770615384615
DropViz_HC_level2	Oligodendrocyte_Trf_Ndrg2.8_2	15085	-0.0011277	-0.0030429	0.0051225	0.58712	0.902587462686567	0.939724645892351
DropViz_HC_level2	Macrophage_C1qb_Mrc1.10_2	15085	-0.00093178	-0.0027412	0.0033114	0.61079	0.913639855072464	0.965944832402235
DropViz_HC_level2	Gad1Gad2_Htr3a_Ecel1.1_21	15085	-0.0020062	-0.0057418	0.0070475	0.61205	0.913639855072464	0.965944832402235
DropViz_HC_level2	Microglia_C1qb_Tmem119.10_1	15085	-0.0018966	-0.005111	0.0044645	0.66451	0.973088873239437	1
DropViz_HC_level2	Oligodendrocyte_Trf_Ctps.8_5	15085	-0.001476	-0.0043678	0.0033391	0.67077	0.973088873239437	1
DropViz_HC_level2	Neuron_Slc17a7-Slc17a6_Nxph3-Nts.3_1	15085	-0.0034189	-0.0098513	0.0071065	0.68477	0.979601527777778	1
DropViz_HC_level2	Gad1Gad2_Htr3a_Nnat.1_16	15085	-0.003403	-0.010035	0.0060198	0.71406	0.99993	1
DropViz_HC_level2	Gad1Gad2_Htr3a_Cpne5.1_20	15085	-0.0055547	-0.01574	0.0076875	0.76502	0.99993	1
DropViz_HC_level2	Oligodendrocyte_Trf_Plin3.8_1	15085	-0.0041178	-0.011058	0.0050609	0.79207	0.99993	1
DropViz_HC_level2	Oligodendrocyte_Trf_Man1a.8_4	15085	-0.0044154	-0.011893	0.0050607	0.80852	0.99993	1
DropViz_HC_level2	Oligodendrocyte_Trf_Il33.8_3	15085	-0.0048534	-0.012853	0.0054979	0.81131	0.99993	1
DropViz_HC_level2	Neurogenesis_Sox4_Ppp2r2b.13_6	15085	-0.0039972	-0.011824	0.0044426	0.81586	0.99993	1
DropViz_HC_level2	Ependymal_Ccdc153.11_1	15085	-0.0040313	-0.010608	0.0041667	0.83335	0.99993	1
DropViz_HC_level2	Polydendrocyte_Tnr_Pdgfa.9_1	15085	-0.0049537	-0.013743	0.0049346	0.84227	0.99993	1
DropViz_HC_level2	Polydendrocyte_Tnr_Ptprz1.9_4	15085	-0.0060587	-0.017	0.0054819	0.86546	0.99993	1
DropViz_HC_level2	Gad1Gad2_Htr3a_Ibsp.1_22	15085	-0.0078296	-0.022462	0.0070339	0.86716	0.99993	1
DropViz_HC_level2	Neurogenesis_Sox4_Cdc20.13_3	15085	-0.0043694	-0.012973	0.0036067	0.88713	0.99993	1
DropViz_HC_level2	Astrocyte_Gja1_Fabp7.7_3	15085	-0.0060018	-0.016264	0.0048838	0.89044	0.99993	1
DropViz_HC_level2	Endothelial_Tip_Dcn_Agt.17_2	15085	-0.004479	-0.013328	0.0029844	0.93328	0.99993	1
DropViz_HC_level2	Choroid_Plexus_Ttr.12_1	15085	-0.0067273	-0.018099	0.0039954	0.95388	0.99993	1
DropViz_HC_level2	Endothelial_Stalk_Flt1_Lcn2.15_2	15085	-0.006873	-0.01944	0.0037716	0.96579	0.99993	1
DropViz_HC_level2	Polydendrocyte_Tnr_Cspg5.9_3	15085	-0.010882	-0.030275	0.0056689	0.97253	0.99993	1
DropViz_HC_level2	Astrocyte_Gja1_Nnat.7_1	15085	-0.010355	-0.026824	0.0053712	0.97305	0.99993	1
DropViz_HC_level2	Endothelial_Tip_Dcn_Il33.17_4	15085	-0.0069422	-0.020375	0.0033966	0.97951	0.99993	1
DropViz_HC_level2	Neurogenesis_Sox4_Gad2.13_4	15085	-0.0063309	-0.020101	0.0030902	0.97974	0.99993	1
DropViz_HC_level2	Astrocyte_Gja1_Myoc.7_2	15085	-0.011627	-0.030541	0.0051275	0.98831	0.99993	1
DropViz_HC_level2	Neurogenesis_Sox4_Hist1h2al.13_2	15085	-0.0096657	-0.027828	0.0041906	0.98945	0.99993	1
DropViz_HC_level2	Neuron_Slc17a6_Lhx1.14_1	15085	-0.015864	-0.044277	0.006745	0.99066	0.99993	1
DropViz_HC_level2	Mural_Rgs5Acta2_Col3a1.16_4	15085	-0.0068095	-0.021236	0.0028737	0.99109	0.99993	1
DropViz_HC_level2	Polydendrocyte_Tnr_Bmp4.9_2	15085	-0.011766	-0.033692	0.0049441	0.99133	0.99993	1
DropViz_HC_level2	Endothelial_Stalk_Flt1_Cdkn2b.15_1	15085	-0.010495	-0.028354	0.0043645	0.9919	0.99993	1
DropViz_HC_level2	Neurogenesis_Sox4_Efhd2.13_1	15085	-0.0099721	-0.029123	0.004026	0.99337	0.99993	1
DropViz_HC_level2	Endothelial_Tip_Dcn_Mgp.17_3	15085	-0.0096073	-0.027705	0.003619	0.99603	0.99993	1
DropViz_HC_level2	Mural_Rgs5Acta2_Cnn1.16_1	15085	-0.015501	-0.041789	0.004395	0.99979	0.99993	1
DropViz_HC_level2	Mural_Rgs5Acta2_Kcnj8.16_3	15085	-0.013227	-0.038578	0.003716	0.99981	0.99993	1
DropViz_HC_level2	Mural_Rgs5Acta2_Ccnd1.16_2	15085	-0.015285	-0.042493	0.0041134	0.9999	0.99993	1
DropViz_HC_level2	Endothelial_Tip_Dcn_Rbp4.17_1	15085	-0.015718	-0.043008	0.0041078	0.99993	0.99993	1
DropViz_GP_level2	Neuron_Gad1Gad2-Th_Adora2a-Th.3_9	15085	0.036789	0.10034	0.0072198	1.7605e-07	1.214745e-05	4.9734125e-05
DropViz_GP_level2	Neuron_Gad1Gad2_Adora2a.3_3	15085	0.029532	0.080132	0.006894	9.248e-06	0.0002132169	0.00052377195
DropViz_GP_level2	Neuron_Gad1Gad2_Drd1-Nefm.3_1	15085	0.030482	0.082355	0.0071166	9.2703e-06	0.0002132169	0.00052377195
DropViz_GP_level2	Neuron_Gad1Gad2_Adora2a-Pde1c.3_6	15085	0.027754	0.076198	0.0068286	2.4218e-05	0.000403512	0.00114026416666667
DropViz_GP_level2	Neuron_Gad1Gad2_Drd1-Pdyn.3_2	15085	0.026896	0.074222	0.0066903	2.924e-05	0.000403512	0.00118004285714286
DropViz_GP_level2	Neuron_Gad1Gad2_Cadm2.3_4	15085	0.023057	0.063356	0.0058269	3.8122e-05	0.000438403	0.00129288617647059
DropViz_GP_level2	Neuron_Gad1Gad2_Sphkap-Tmem255a.3_7	15085	0.028255	0.07729	0.0074538	7.5422e-05	0.000743445428571429	0.00224281210526316
DropViz_GP_level2	Neuron_Gad1Gad2_Drd1-Pde1c.3_5	15085	0.024812	0.068389	0.0067551	0.00012027	0.00103732875	0.00280649137931034
DropViz_GP_level2	Neuron_Gad1Gad2_Hpcal4.2_4	15085	0.027367	0.073276	0.00752	0.00013724	0.00105217333333333	0.00280649137931034
DropViz_GP_level2	Neuron_Gad1Gad2_Tac2.2_3	15085	0.025795	0.068944	0.0076519	0.00037546	0.00255958636363636	0.00457361489361702
DropViz_GP_level2	Neuron_Gad1Gad2_Sphkap-Cpne4.3_8	15085	0.020356	0.057109	0.0060802	0.00040805	0.00255958636363636	0.00473131
DropViz_GP_level2	Neuron_Slc17a7_Neurod2-Rorb.2_11	15085	0.017311	0.048528	0.005734	0.00127	0.00689211428571429	0.0102507142857143
DropViz_GP_level2	Neuron_Gad1Gad2_Fibcd1.2_15	15085	0.023324	0.062024	0.0077803	0.0013619	0.00689211428571429	0.0105453767123288
DropViz_GP_level2	Neuron_Gad1Gad2_Vipr2.3_10	15085	0.012885	0.038492	0.0043097	0.0013984	0.00689211428571429	0.010676972972973
DropViz_GP_level2	Neuron_Gad1Gad2_Satb1.2_6	15085	0.018524	0.05075	0.0070242	0.0041854	0.0176798294117647	0.0230635194174757
DropViz_GP_level2	Neuron_Slc17a6_Tcf7l2.2_8	15085	0.018596	0.050508	0.0070556	0.0042045	0.0176798294117647	0.0230635194174757
DropViz_GP_level2	Neuron_Gad1Gad2_Lamp5-Cplx3.2_22	15085	0.0095448	0.029816	0.0036381	0.0043559	0.0176798294117647	0.0234388904761905
DropViz_GP_level2	Neuron_Gad1Gad2_Sst.2_5	15085	0.017645	0.048484	0.0070564	0.0062059	0.0237892833333333	0.0299686623931624
DropViz_GP_level2	Neuron_Gad1Gad2_Trdn.2_16	15085	0.016551	0.044862	0.0068632	0.0079488	0.0288666947368421	0.0337674586466165
DropViz_GP_level2	Neuron_Gad1Gad2_Vip.2_21	15085	0.014332	0.040412	0.0060927	0.009335	0.0315878714285714	0.0387814338235294
DropViz_GP_level2	Neuron_Slc17a6_Cck.2_2	15085	0.015199	0.041657	0.0064917	0.0096137	0.0315878714285714	0.0396477408759124
DropViz_GP_level2	Neuron_Gad1Gad2_Elfn1-Grik3.2_17	15085	0.01552	0.042582	0.0068741	0.011989	0.0376018636363636	0.0480410283687943
DropViz_GP_level2	Neuron_Gad1Gad2-Slc17a6_Cbln1.2_7	15085	0.015077	0.041517	0.0067746	0.013031	0.039093	0.0511285763888889
DropViz_GP_level2	Neuron_Gad1Gad2_Grem.2_13	15085	0.016037	0.043776	0.0073326	0.014377	0.0402132	0.0545168120805369
DropViz_GP_level2	Neuron_Gad1Gad2_Cadm2.2_10	15085	0.009325	0.026905	0.0042739	0.01457	0.0402132	0.0548803333333333
DropViz_GP_level2	Neuron_Slc17a6_Rspo3.2_9	15085	0.014051	0.038406	0.0070746	0.02352	0.0624184615384615	0.0763724137931034
DropViz_GP_level2	Neuron_Gad1Gad2_Igfbp4_Adora1.2_25	15085	0.010623	0.030337	0.0058448	0.034576	0.084815275862069	0.103969015957447
DropViz_GP_level2	Neuron_Gad1Gad2_Six3-Pvalb.2_20	15085	0.011571	0.032246	0.0063671	0.034595	0.084815275862069	0.103969015957447
DropViz_GP_level2	Neuron_Gad1Gad2_Tac1.2_1	15085	0.010292	0.029382	0.0057058	0.035647	0.084815275862069	0.106026710526316
DropViz_GP_level2	Neuron_Slc17a7_Neurod2-C1ql3.2_12	15085	0.0087517	0.024914	0.0050157	0.040515	0.0931845	0.115867803030303
DropViz_GP_level2	Neuron_Gad1Gad2_Scn4b.2_14	15085	0.010882	0.029049	0.006715	0.052563	0.116995064516129	0.142779302884615
DropViz_GP_level2	Neuron_Gad1Gad2_Igfbp4_Rgs4.2_24	15085	0.0080213	0.022468	0.0062128	0.098346	0.2120585625	0.233468445378151
DropViz_GP_level2	Neuron_Gad1Gad2_Trh.2_23	15085	0.0051942	0.015232	0.0049089	0.14501	0.303202727272727	0.316334555984556
DropViz_GP_level2	Neuron_Gad1Gad2_Pappa.2_18	15085	0.004123	0.011416	0.0065894	0.26576	0.539336470588235	0.508997966101695
DropViz_GP_level2	Neuron_Chat-Gad1Gad2-Slc17a8_Ngfr.1_1	15085	0.0033084	0.0090556	0.0067312	0.31154	0.614178857142857	0.580388815789474
DropViz_GP_level2	Mitotic_MkI67.4_6	15085	0.00090439	0.0029455	0.0028054	0.37359	0.7160475	0.67014380952381
DropViz_GP_level2	Neuron_Gad1Gad2_Cyp26b1.2_19	15085	0.0017506	0.0047755	0.0078601	0.41188	0.768100540540541	0.720471207430341
DropViz_GP_level2	Polydendrocyte_Tnr_Cyth3.4_7	15085	0.00011036	0.00033408	0.0025825	0.48296	0.876953684210526	0.819436636636637
DropViz_GP_level2	Oligodendrocyte_Trf_Kif5b.10_6	15085	-0.00078487	-0.002073	0.006102	0.55117	0.953310731707317	0.905560319767442
DropViz_GP_level2	Neuron_Chat-Gad1Gad2-Slc17a8_Nefm.1_2	15085	-0.00085013	-0.0024024	0.0058883	0.5574	0.953310731707317	0.907582132564841
DropViz_GP_level2	Polydendrocyte_Tnr_Bmp4.4_4	15085	-0.00096827	-0.0027012	0.0057849	0.56646	0.953310731707317	0.917048424068768
DropViz_GP_level2	Oligodendrocyte_Trf_Klk6.10_2	15085	-0.0013668	-0.0036466	0.0056621	0.59537	0.978107857142857	0.950237429378531
DropViz_GP_level2	Polydendrocyte_Tnr_Pdgfa-Tmem2.4_2	15085	-0.0026183	-0.0072977	0.0049259	0.70247	1	1
DropViz_GP_level2	Oligodendrocyte_Trf_Ctps.10_4	15085	-0.0026489	-0.0072412	0.0049573	0.70345	1	1
DropViz_GP_level2	Microglia_C1qb_Tmem119.11_1	15085	-0.0021609	-0.0060494	0.0040066	0.70517	1	1
DropViz_GP_level2	Oligodendrocyte_Trf_Mbp.10_1	15085	-0.0034828	-0.0091944	0.0062956	0.70994	1	1
DropViz_GP_level2	Oligodendrocyte_Trf_Ttyh1.10_3	15085	-0.0032676	-0.0087199	0.0057941	0.7136	1	1
DropViz_GP_level2	Polydendrocyte_Tnr_Cspg5.4_5	15085	-0.0042543	-0.011682	0.0063733	0.74778	1	1
DropViz_GP_level2	Oligodendrocyte_Trf_Il33.10_5	15085	-0.0052387	-0.013924	0.0060634	0.80619	1	1
DropViz_GP_level2	Macrophage_C1qb_Mrc1.11_2	15085	-0.003377	-0.0095343	0.0038143	0.81201	1	1
DropViz_GP_level2	Polydendrocyte_Tnr_Pdgfa-Pik3r3.4_1	15085	-0.0052662	-0.014711	0.0053712	0.83656	1	1
DropViz_GP_level2	Polydendrocyte_Tnr_Opalin.4_3	15085	-0.0055184	-0.01557	0.0043096	0.8998	1	1
DropViz_GP_level2	Ependymal_Ccdc153.6_1	15085	-0.0059276	-0.017376	0.0033064	0.96349	1	1
DropViz_GP_level2	Astrocyte_Gja1_Gfap.5_1	15085	-0.010755	-0.028064	0.0058828	0.96623	1	1
DropViz_GP_level2	Endothelial_Stalk_Flt1_Lcn2.7_4	15085	-0.0090303	-0.025271	0.0043196	0.98171	1	1
DropViz_GP_level2	Astrocyte_Gja1_Crym.5_2	15085	-0.011685	-0.030793	0.0055403	0.98252	1	1
DropViz_GP_level2	Endothelial_Stalk_Flt1_Car4.7_5	15085	-0.011206	-0.030805	0.0047031	0.9914	1	1
DropViz_GP_level2	Endothelial_Stalk_Flt1_Cdkn1c.7_2	15085	-0.013219	-0.03615	0.0046492	0.99776	1	1
DropViz_GP_level2	Mural_Rgs5Acta2_Pappa2.8_5	15085	-0.0076172	-0.023944	0.0026347	0.99808	1	1
DropViz_GP_level2	Endothelial_Stalk_Flt1_Angpt2.7_6	15085	-0.013416	-0.036952	0.0046155	0.99817	1	1
DropViz_GP_level2	Endothelial_Stalk_Flt1_Apold1.7_1	15085	-0.013007	-0.036221	0.0044258	0.99835	1	1
DropViz_GP_level2	Endothelial_Tip_Dcn_Mgp.9_1	15085	-0.012456	-0.035589	0.0040228	0.99902	1	1
DropViz_GP_level2	Endothelial_Tip_Dcn_Ifitm1.9_3	15085	-0.012029	-0.034128	0.0038127	0.9992	1	1
DropViz_GP_level2	Endothelial_Stalk_Flt1_Mgp.7_3	15085	-0.015395	-0.043141	0.0042025	0.99988	1	1
DropViz_GP_level2	Endothelial_Tip_Dcn_Col15a1.9_2	15085	-0.01572	-0.045265	0.0038404	0.99998	1	1
DropViz_GP_level2	Mural_Rgs5Acta2_Acta2.8_1	15085	-0.019133	-0.051902	0.0045533	0.99999	1	1
DropViz_GP_level2	Mural_Rgs5Acta2_Kcnj8.8_2	15085	-0.016654	-0.048924	0.0038701	0.99999	1	1
DropViz_GP_level2	Mural_Rgs5Acta2_Lmcd1.8_3	15085	-0.013633	-0.041918	0.0031435	0.99999	1	1
DropViz_GP_level2	Mural_Rgs5Acta2_Rgs5.8_4	15085	-0.023192	-0.06339	0.0046496	1	1	1
DropViz_FC_level2	Neuron_Gad1Gad2_Synpr-Pcdh11x.1_6	15085	0.028893	0.079565	0.0083094	0.0002541	0.0079542	0.0041019
DropViz_FC_level2	Neuron_Slc17a7_Syt6-Kit.3_12	15085	0.03286	0.09087	0.0095257	0.00028156	0.0079542	0.0042994972972973
DropViz_FC_level2	Neuron_Slc17a7_Nptxr-Calb1.6_1	15085	0.031255	0.084963	0.0091499	0.00031878	0.0079542	0.0045027675
DropViz_FC_level2	Neuron_Slc17a7_Syt6-Efna5.3_3	15085	0.031715	0.087043	0.009488	0.00041594	0.0079542	0.00473131
DropViz_FC_level2	Neuron_Slc17a7_Parm1_Nefm.7_6	15085	0.029708	0.080941	0.0092248	0.00064147	0.0079542	0.00671167685185185
DropViz_FC_level2	Neuron_Slc17a7_Syt6-Slc24a2.3_6	15085	0.02073	0.057845	0.0065366	0.00076036	0.0079542	0.00767148928571428
DropViz_FC_level2	Neuron_Slc17a7_Syt6-Lypd1.3_7	15085	0.029845	0.082106	0.0094403	0.00078672	0.0079542	0.00779818947368421
DropViz_FC_level2	Neuron_Slc17a7_Nptxr-Ndst4.6_2	15085	0.027479	0.075789	0.0087747	0.00087083	0.0079542	0.00818601639344262
DropViz_FC_level2	Neuron_Slc17a7-Slc17a6_Nptxr-Rorb.6_3	15085	0.029988	0.081671	0.0095889	0.0008838	0.0079542	0.00818601639344262
DropViz_FC_level2	Neuron_Slc17a7_Parm1_Tshz2.7_7	15085	0.022502	0.062635	0.0076706	0.0016786	0.01359666	0.0120852784810127
DropViz_FC_level2	Neuron_Slc17a7_Syt6-Sema5a.3_1	15085	0.02744	0.075302	0.0094956	0.0019305	0.013693725	0.0133016158536585
DropViz_FC_level2	Neuron_Slc17a7_Nptxr-Deptor.6_4	15085	0.028628	0.077979	0.0099606	0.0020287	0.013693725	0.0138098253012048
DropViz_FC_level2	Neuron_Slc17a7_Syt6-Etv1.3_2	15085	0.022253	0.062782	0.0081942	0.0033109	0.0191790642857143	0.0195095677083333
DropViz_FC_level2	Neuron_Slc17a7_Parm1_Lsamp.7_3	15085	0.025046	0.068437	0.009224	0.0033149	0.0191790642857143	0.0195095677083333
DropViz_FC_level2	Neuron_Slc17a7_Parm1_Nnat.7_2	15085	0.021267	0.059273	0.008242	0.0049398	0.02667492	0.025144027027027
DropViz_FC_level2	Neuron_Slc17a7_Syt6-Fos.3_13	15085	0.021962	0.06127	0.0088268	0.0064261	0.0314894647058824	0.0307690381355932
DropViz_FC_level2	Neuron_Slc17a7_Syt6-Slc30a3.3_5	15085	0.021788	0.060004	0.0087919	0.0066089	0.0314894647058824	0.031315125
DropViz_FC_level2	Neuron_Slc17a7_Syt6-Sema3c.3_9	15085	0.022301	0.061628	0.0091718	0.0075242	0.031695705	0.0333166046511628
DropViz_FC_level2	Neuron_Slc17a7_Syt6-Cyp26b1.3_4	15085	0.022509	0.062036	0.0092659	0.0075723	0.031695705	0.0333166046511628
DropViz_FC_level2	Neuron_Slc17a7_Syt6-Bdnf.3_11	15085	0.015453	0.044756	0.0063931	0.0078261	0.031695705	0.0337537900763359
DropViz_FC_level2	Neuron_Gad1Gad2_Pvalb-Necab1.2_9	15085	0.018916	0.051633	0.0081898	0.01046	0.0403457142857143	0.0425172661870504
DropViz_FC_level2	NeuronSlc17a7-Slc17a6_Syt6-Nnat.3_8	15085	0.019941	0.05512	0.0094535	0.017466	0.060139125	0.0631792356687898
DropViz_FC_level2	Neuron_Gad1Gad2_Pvalb-Nefm.2_8	15085	0.015642	0.042857	0.0074229	0.017556	0.060139125	0.0631792356687898
DropViz_FC_level2	Neuron_Slc17a7_Parm1_Ndnf.7_1	15085	0.017743	0.049086	0.0084439	0.017819	0.060139125	0.063329748427673
DropViz_FC_level2	Neuron_Slc17a7_Parm1_Cadm2.7_5	15085	0.012323	0.03432	0.005954	0.019248	0.06236352	0.0655127710843374
DropViz_FC_level2	Neuron_Slc17a7_Nptxr-Fos.6_5	15085	0.017756	0.048954	0.0087582	0.021322	0.065055	0.0712836094674556
DropViz_FC_level2	Neuron_Slc17a7-Slc17a8_Syt6-Cplx3.3_10	15085	0.016977	0.047222	0.008403	0.021685	0.065055	0.0720589766081871
DropViz_FC_level2	Neuron_Gad1Gad2_Cplx3-Crim1.1_9	15085	0.013324	0.038064	0.0067457	0.024134	0.0673461	0.0770379096045198
DropViz_FC_level2	Neuron_Gad1Gad2-Th_Nr4a2.2_10	15085	0.013866	0.038701	0.0070363	0.024395	0.0673461	0.0774335674157303
DropViz_FC_level2	Neuron_Gad1Gad2_Synpr-Sncg.1_11	15085	0.014451	0.040298	0.0073687	0.024943	0.0673461	0.0787306983240224
DropViz_FC_level2	Neuron_Gad1Gad2_Synpr-Dpy19l1.1_7	15085	0.01257	0.035796	0.0066691	0.02974	0.0777077419354839	0.091820218579235
DropViz_FC_level2	Neuron_Gad1Gad2_Cplx3.1_1	15085	0.015495	0.042583	0.0084407	0.033205	0.084042972972973	0.101778978494624
DropViz_FC_level2	Neuron_Slc17a7_Parm1_Fos.7_4	15085	0.0077309	0.023742	0.0042863	0.035655	0.084042972972973	0.106026710526316
DropViz_FC_level2	Neuron_Gad1Gad2_Pvalb-Unc5b.2_6	15085	0.010744	0.030887	0.0060094	0.036914	0.084042972972973	0.109195863874346
DropViz_FC_level2	Neuron_Slc17a6-Slc17a7_Nr4a2.5_1	15085	0.016046	0.043904	0.0089993	0.037303	0.084042972972973	0.109771848958333
DropViz_FC_level2	Neuron_Gad1Gad2_Sst-Crh.2_4	15085	0.013937	0.038526	0.007834	0.03763	0.084042972972973	0.110160362694301
DropViz_FC_level2	Neuron_Gad1Gad2-Chat_Synpr-Slc5a7.1_5	15085	0.014424	0.039688	0.0081502	0.03839	0.084042972972973	0.110665051020408
DropViz_FC_level2	Neuron_Gad1Gad2_Synpr-Crispld2.1_4	15085	0.012365	0.034604	0.0072084	0.043144	0.0919648421052632	0.121275422885572
DropViz_FC_level2	Neuron_Gad1Gad2_Pvalb.2_7	15085	0.0134	0.036764	0.0080495	0.048	0.0996923076923077	0.1335960591133
DropViz_FC_level2	Neuron_Slc17a6-Slc17a7_Fezf2_3110035E14Rik.4_2	15085	0.011464	0.03259	0.0070851	0.052841	0.107003025	0.142847679425837
DropViz_FC_level2	Neuron_Gad1Gad2-Slc17a8_Synpr-Sncg-Yjefn3.1_10	15085	0.010646	0.029492	0.0075569	0.079453	0.15696812195122	0.199515311111111
DropViz_FC_level2	Neuron_Gad1Gad2_Cplx3-Reln.1_2	15085	0.011855	0.032741	0.008646	0.085168	0.164252571428571	0.207393798283262
DropViz_FC_level2	Neuron_Gad1Gad2_Sst-Nr2f2.2_5	15085	0.0093695	0.026078	0.0074619	0.10463	0.197093720930233	0.242278483606557
DropViz_FC_level2	Neuron_Gad1Gad2_Sst-Pdyn.2_2	15085	0.0087678	0.024162	0.0075549	0.12292	0.226284545454545	0.278914859437751
DropViz_FC_level2	Neuron_Gad1Gad2_Sst-Chodl.2_1	15085	0.0064612	0.018384	0.0058359	0.13412	0.241416	0.297167843137255
DropViz_FC_level2	Neuron_Gad1Gad2_Sst-Calb2.2_3	15085	0.0069084	0.019484	0.0070771	0.1645	0.286550425531915	0.349407894736842
DropViz_FC_level2	Neuron_Slc17a7_Nptxr-Drd1.6_6	15085	0.0026462	0.0082812	0.0027308	0.16627	0.286550425531915	0.351844756554307
DropViz_FC_level2	Neuron_Gad1Gad2_Cplx3-Dpy19l1.1_8	15085	0.0049915	0.014734	0.0053611	0.17592	0.296865	0.369497397769517
DropViz_FC_level2	Neuron_Gad1Gad2_Synpr-Nnat.1_3	15085	0.0025609	0.0074319	0.0059418	0.33324	0.55086612244898	0.611300649350649
DropViz_FC_level2	Neuron_Slc17a6-Slc17a7-Slc17a8_Fezf2_Slc17a8.4_1	15085	0.00042452	0.001166	0.0094447	0.48207	0.7809534	0.819436636636637
DropViz_FC_level2	Microglia_C1qb_Tmem119.11_1	15085	-0.0016584	-0.0043679	0.0055025	0.61844	0.982228235294118	0.973310863509749
DropViz_FC_level2	Oligodendrocyte_Tnf_Ptgds.9_4	15085	-0.0026098	-0.0068172	0.0061633	0.66401	0.99998	1
DropViz_FC_level2	Oligodendrocyte_Tnf_Igsf8.9_1	15085	-0.0030857	-0.0081221	0.0055961	0.70932	0.99998	1
DropViz_FC_level2	Microglia_C1qb_Tmem119-Fos.11_4	15085	-0.0015118	-0.0047816	0.0026389	0.71664	0.99998	1
DropViz_FC_level2	Oligodendrocyte_Tnf_Igsf8-Ctps.9_2	15085	-0.0029947	-0.008265	0.0046302	0.74111	0.99998	1
DropViz_FC_level2	Polydendrocyte_Tnr_Pdgfa.10_3	15085	-0.0033966	-0.00945	0.0050605	0.74895	0.99998	1
DropViz_FC_level2	Oligodendrocyte_Tnf_Klk6.9_5	15085	-0.0047441	-0.012621	0.0056446	0.79967	0.99998	1
DropViz_FC_level2	Endothelial_Stalk_Flt1_Lrg1.12_5	15085	-0.0029311	-0.0088403	0.0033012	0.81269	0.99998	1
DropViz_FC_level2	Macrophage_C1qb_Mrc1.11_3	15085	-0.0046869	-0.013123	0.0040388	0.87706	0.99998	1
DropViz_FC_level2	Polydendrocyte_Tnr_Opalin.10_4	15085	-0.0053239	-0.015115	0.0041539	0.90001	0.99998	1
DropViz_FC_level2	Polydendrocyte_Tnr_Bmp4-_Ptgds.10_5	15085	-0.0071537	-0.019919	0.0052333	0.91417	0.99998	1
DropViz_FC_level2	Oligodendrocyte_Tnf_Kif5b.9_3	15085	-0.0089218	-0.023555	0.0058506	0.93635	0.99998	1
DropViz_FC_level2	Astrocyte_Gja1.8_1	15085	-0.0097446	-0.025199	0.00587	0.95154	0.99998	1
DropViz_FC_level2	Endothelial_Tip_Dcn_1500015O10Rik.14_1	15085	-0.0075528	-0.02129	0.0042724	0.96144	0.99998	1
DropViz_FC_level2	Astrocyte_Gja1_Myoc.8_2	15085	-0.01012	-0.026302	0.0056132	0.96428	0.99998	1
DropViz_FC_level2	Polydendrocyte_Tnr_Cspg5.10_1	15085	-0.011838	-0.03235	0.0062676	0.97053	0.99998	1
DropViz_FC_level2	Endothelial_Tip_Dcn_Col15a1.14_4	15085	-0.0097969	-0.026918	0.004724	0.98094	0.99998	1
DropViz_FC_level2	Polydendrocyte_Tnr_Bmp4-Gpr17.10_6	15085	-0.011084	-0.031451	0.0052695	0.98228	0.99998	1
DropViz_FC_level2	Neuron_Slc17a6_Reln.11_2	15085	-0.0068752	-0.021926	0.0032499	0.9828	0.99998	1
DropViz_FC_level2	Mural_Rgs5Acta2_Abcc9.13_3	15085	-0.010681	-0.030301	0.0044548	0.99174	0.99998	1
DropViz_FC_level2	Endothelial_Stalk_Flt1_Car4.12_3	15085	-0.012275	-0.032862	0.0049745	0.99319	0.99998	1
DropViz_FC_level2	Polydendrocyte_Tnr_Dlx1.10_2	15085	-0.010878	-0.031137	0.0043424	0.99387	0.99998	1
DropViz_FC_level2	Endothelial_Stalk_Flt1_Cfh.12_4	15085	-0.012789	-0.034417	0.0047938	0.99618	0.99998	1
DropViz_FC_level2	Endothelial_Tip_Dcn_Coch.14_3	15085	-0.010192	-0.02947	0.0037327	0.99683	0.99998	1
DropViz_FC_level2	Endothelial_Stalk_Flt1_Mgp.12_2	15085	-0.010638	-0.030269	0.0038573	0.99709	0.99998	1
DropViz_FC_level2	Endothelial_Tip_Dcn_Dapl1.14_2	15085	-0.011188	-0.031553	0.0040009	0.99741	0.99998	1
DropViz_FC_level2	Endothelial_Tip_Dcn_Inmt.14_5	15085	-0.0086374	-0.026674	0.0030661	0.99757	0.99998	1
DropViz_FC_level2	Endothelial_Stalk_Flt1_Gkn3.12_1	15085	-0.013972	-0.037229	0.004942	0.99765	0.99998	1
DropViz_FC_level2	Mural_Rgs5Acta2_Col3a1.13_4	15085	-0.012662	-0.037391	0.0035331	0.99983	0.99998	1
DropViz_FC_level2	Mural_Rgs5Acta2_Cnn1.13_1	15085	-0.018914	-0.050503	0.0047751	0.99996	0.99998	1
DropViz_FC_level2	Mural_Rgs5Acta2_Ccnd1.13_2	15085	-0.020001	-0.053646	0.0047936	0.99998	0.99998	1
DropViz_ENT_level2	Neuron_Slc17a6_Pitx2.4_6	15085	0.016339	0.044694	0.0054341	0.0013225	0.037296	0.0105241197183099
DropViz_ENT_level2	Neuron_Gad1Gad2_Pvalb-Ntng1.4_8	15085	0.012766	0.03648	0.0046094	0.0028103	0.037296	0.0178406685393258
DropViz_ENT_level2	Neuron_Gad1Gad2_Six3-Pvalb.4_2	15085	0.013452	0.038503	0.005043	0.0038255	0.037296	0.021832398989899
DropViz_ENT_level2	Neuron_Gad1Gad2-Slc17a6_Cbln1.4_3	15085	0.012383	0.035739	0.0047067	0.0042624	0.037296	0.0231563076923077
DropViz_ENT_level2	Neuron_Gad1Gad2_Dlk1.4_4	15085	0.013823	0.03765	0.0056741	0.0074301	0.0517486666666667	0.0333166046511628
DropViz_ENT_level2	Neuron_Gad1Gad2_Tcf7l2.4_5	15085	0.010511	0.031178	0.0044328	0.0088712	0.0517486666666667	0.0371276148148148
DropViz_ENT_level2	Neuron_Slc17a7_Zbtb20.4_1	15085	0.0075226	0.023388	0.0034387	0.014356	0.07178	0.0545168120805369
DropViz_ENT_level2	Neuron_Gad1Gad2_Otx2.4_11	15085	0.0061151	0.019924	0.0028829	0.016963	0.0735933333333333	0.0618328709677419
DropViz_ENT_level2	Neuron_Gad1Gad2_Pvalb-Gfra2.4_7	15085	0.011727	0.032197	0.0056471	0.018924	0.0735933333333333	0.0650914242424242
DropViz_ENT_level2	Neuron_Gad1Gad2_Pvalb-Spp1.4_9	15085	0.007624	0.022208	0.0041617	0.033492	0.117222	0.101778978494624
DropViz_ENT_level2	Oligodendrocyte_Trf_Cldn11.8_1	15085	0.0056878	0.016218	0.0044491	0.10056	0.3016125	0.237725523012552
DropViz_ENT_level2	Oligodendrocyte_Trf_Ndrg2.8_2	15085	0.005634	0.015083	0.0044629	0.10341	0.3016125	0.240438888888889
DropViz_ENT_level2	Neuron_Gad1Gad2_Pmch.4_10	15085	0.0033645	0.010662	0.0029175	0.12442	0.334976923076923	0.279675
DropViz_ENT_level2	Neuron_Gad1Gad2-Chat.4_12	15085	0.00221	0.0069975	0.0029719	0.22856	0.537359375	0.454705633802817
DropViz_ENT_level2	Polydendrocyte_Tnr_Cspg5.6_1	15085	0.0036142	0.010382	0.0051038	0.23944	0.537359375	0.471371428571429
DropViz_ENT_level2	Oligodendrocyte_Trf_Ctps.1_5	15085	0.0039565	0.010852	0.0057485	0.24565	0.537359375	0.476949312714777
DropViz_ENT_level2	Oligodendrocyte_Trf_Ndrg2.1_3	15085	0.0036682	0.0098547	0.0068031	0.29488	0.607105882352941	0.558802006688963
DropViz_ENT_level2	Oligodendrocyte_Trf_Klk6.1_2	15085	0.0011331	0.0030542	0.006175	0.4272	0.8142225	0.74039263803681
DropViz_ENT_level2	Oligodendrocyte_Trf_Il33.1_4	15085	0.00075973	0.0020386	0.0066036	0.4542	0.8142225	0.782387195121951
DropViz_ENT_level2	Polydendrocyte_Tnr_Bmp4.5_1	15085	0.00044646	0.0013012	0.0051212	0.46527	0.8142225	0.796598636363636
DropViz_ENT_level2	Astrocyte_Gja1_Myoc.7_1	15085	4.1115e-05	0.00012148	0.0039093	0.4958	0.826333333333333	0.8362
DropViz_ENT_level2	Polydendrocyte_Tnr_Ctps.5_3	15085	-0.00030045	-0.00084862	0.0050916	0.52353	0.832888636363636	0.869983676470588
DropViz_ENT_level2	Oligodendrocyte_Trf_Serpinb1a.1_1	15085	-0.00080667	-0.00217	0.0065183	0.54924	0.8358	0.905560319767442
DropViz_ENT_level2	Polydendrocyte_Tnr_Pdgfa.5_2	15085	-0.0038625	-0.010992	0.005208	0.77085	1	1
DropViz_ENT_level2	Mural_Rgs5Acta2_Junb.3_6	15085	-0.0021665	-0.0066097	0.0026988	0.78893	1	1
DropViz_ENT_level2	Astrocyte_Gja1_Htra1.7_2	15085	-0.0043166	-0.011731	0.005253	0.79438	1	1
DropViz_ENT_level2	Endothelial_Stalk_Flt1_Vwf.2_2	15085	-0.0041655	-0.012108	0.0041219	0.84388	1	1
DropViz_ENT_level2	Endothelial_Stalk_Flt1_Tgfb2.2_3	15085	-0.0057855	-0.016394	0.0046862	0.89149	1	1
DropViz_ENT_level2	Endothelial_Stalk_Flt1_Car4.2_1	15085	-0.0083726	-0.023524	0.0047656	0.96052	1	1
DropViz_ENT_level2	Mural_Rgs5Acta2_Pdgfa.3_3	15085	-0.00679	-0.021072	0.0031413	0.98466	1	1
DropViz_ENT_level2	Endothelial_Stalk_Flt1_Gkn3.2_4	15085	-0.010612	-0.029944	0.0046369	0.98894	1	1
DropViz_ENT_level2	Endothelial_Tip_Dcn.3_2	15085	-0.0094603	-0.028741	0.0033127	0.99785	1	1
DropViz_ENT_level2	Mural_Rgs5Acta2_Cnn1.3_5	15085	-0.015401	-0.045346	0.0038056	0.99997	1	1
DropViz_ENT_level2	Mural_Rgs5Acta2_Kcnj8.3_1	15085	-0.015757	-0.048043	0.0035212	1	1	1
DropViz_ENT_level2	Mural_Rgs5Acta2_Ccnd1.3_4	15085	-0.01918	-0.05569	0.004128	1	1	1
DropViz_CB_level2	Neuron_Slc17a7_Gabra6.1_1	15085	0.024278	0.068378	0.0061201	3.6591e-05	0.000914775	0.00129288617647059
DropViz_CB_level2	Neuron_Slc17a6_Nrgn.4_3	15085	0.012172	0.037735	0.0035977	0.00035907	0.004488375	0.00457361489361702
DropViz_CB_level2	Neuron_Gad1Gad2_Pcp2.2_1	15085	0.013377	0.038073	0.0047909	0.0026215	0.0218458333333333	0.0172226453488372
DropViz_CB_level2	Neuron_Gad1Gad2_Pvalb-Rab3b.3_2	15085	0.013156	0.038253	0.0050298	0.0044588	0.0278675	0.0237662452830189
DropViz_CB_level2	Neuron_Gad1Gad2_Pvalb-Cadm1.3_3	15085	0.010576	0.031624	0.0043836	0.0079267	0.0396335	0.0337674586466165
DropViz_CB_level2	Neuron_Gad1Gad2_Pvalb-Nefh.3_1	15085	0.010658	0.030214	0.0051792	0.01981	0.0825416666666667	0.0670218562874252
DropViz_CB_level2	Neuron_Gad1Gad2_Lgi2.4_2	15085	0.0085056	0.024818	0.0044565	0.028169	0.100603571428571	0.0874477197802198
DropViz_CB_level2	Oligodendrocyte_Trf_Klk6.6_2	15085	0.0064109	0.018608	0.0039315	0.051494	0.16091875	0.142470072463768
DropViz_CB_level2	Neuron_Slc17a6_Sln.4_1	15085	0.0073327	0.021559	0.0047611	0.061777	0.171602777777778	0.163868568075117
DropViz_CB_level2	Neuron_Gad1Gad2_Pvalb-Chrm2.3_4	15085	0.0063167	0.018776	0.0043638	0.073886	0.184715	0.188043198198198
DropViz_CB_level2	Oligodendroyte_Trf_Il33.6_1	15085	0.007123	0.019663	0.0052511	0.087487	0.198834090909091	0.211069574468085
DropViz_CB_level2	Astrocyte_Gja_Slc1a3.7_1	15085	-4.7235e-05	-0.00012876	0.0056512	0.50333	0.934866666666667	0.846373363095238
DropViz_CB_level2	Gja1_Htra1.8_2	15085	-0.00012591	-0.00035738	0.0047237	0.51063	0.934866666666667	0.85105
DropViz_CB_level2	Gja1_Gfap.8_1	15085	-0.00020405	-0.00063429	0.0031663	0.52569	0.934866666666667	0.871011290322581
DropViz_CB_level2	Microglia_C1qb_Mrc1-Tmem119.5_1	15085	-0.00048501	-0.0014961	0.003164	0.56092	0.934866666666667	0.91068908045977
DropViz_CB_level2	Polydendrocyte_Tnr_Tnr.6_3	15085	-0.0020403	-0.0062869	0.0031847	0.73912	0.99918	1
DropViz_CB_level2	Endothelial_Tip_Dcn_Apod.11_2	15085	-0.0039938	-0.011813	0.0033668	0.88222	0.99918	1
DropViz_CB_level2	Choroid_Plexus_Ttr.9_1	15085	-0.0051121	-0.014162	0.0040057	0.89905	0.99918	1
DropViz_CB_level2	Endothelial_Stalk_Flt1_Lrg1.10_3	15085	-0.0060091	-0.017865	0.0041365	0.92684	0.99918	1
DropViz_CB_level2	Endothelial_Stalk_Flt1_Car4.10_2	15085	-0.0065808	-0.019439	0.004156	0.94333	0.99918	1
DropViz_CB_level2	Mural_Acta2Rgs5_Acta2.11_3	15085	-0.0062731	-0.019023	0.0035447	0.9616	0.99918	1
DropViz_CB_level2	Endothelial_Stalk_Flt1_Mgp.10_1	15085	-0.0079087	-0.023469	0.0040902	0.97341	0.99918	1
DropViz_CB_level2	Mural_Acta2Rgs5_Kcnj8.11_4	15085	-0.0080052	-0.025321	0.002935	0.99681	0.99918	1
DropViz_CB_level2	Endothelial_Tip_Dcn_Nnat.11_1	15085	-0.010212	-0.029478	0.0037399	0.99684	0.99918	1
DropViz_CB_level2	Mural_Acta2Rgs5_Rgs5.11_5	15085	-0.009157	-0.028641	0.0029089	0.99918	0.99918	1
