Dataset	Cell_type	MODEL	NGENES	BETA	BETA_STD	SE	P	Marginal.P	PS
DropViz_GP_level2	Neuron_Gad1Gad2_Drd1-Nefm.3_1	1	15085	0.022204	0.059989	0.013506	0.050104	9.2703e-06	0.258325418105705
DropViz_GP_level2	Neuron_Gad1Gad2_Drd1-Pdyn.3_2	1	15085	0.0091558	0.025267	0.012696	0.23542	2.924e-05	0.138542900125714
DropViz_GP_level2	Neuron_Gad1Gad2_Adora2a.3_3	2	15085	0.015684	0.042557	0.014791	0.1445	9.248e-06	0.166893153340818
DropViz_GP_level2	Neuron_Gad1Gad2_Drd1-Nefm.3_1	2	15085	0.016158	0.043653	0.015269	0.14499	9.2703e-06	0.166635719987705
DropViz_GP_level2	Neuron_Gad1Gad2_Drd1-Nefm.3_1	3	15085	0.021532	0.058173	0.011024	0.025406	9.2703e-06	0.316926968097151
DropViz_GP_level2	Neuron_Gad1Gad2_Cadm2.3_4	3	15085	0.0095951	0.026365	0.0090249	0.14386	3.8122e-05	0.190561987190976
DropViz_GP_level2	Neuron_Gad1Gad2_Drd1-Nefm.3_1	4	15085	0.02054	0.055493	0.012211	0.046293	9.2703e-06	0.265151905878395
DropViz_GP_level2	Neuron_Gad1Gad2_Adora2a-Pde1c.3_6	4	15085	0.011739	0.032229	0.011716	0.1582	2.4218e-05	0.17348732880724
DropViz_GP_level2	Neuron_Gad1Gad2_Drd1-Nefm.3_1	5	15085	0.022409	0.060543	0.0093475	0.0082639	9.2703e-06	0.413839411933408
DropViz_GP_level2	Neuron_Gad1Gad2_Sphkap-Tmem255a.3_7	5	15085	0.013039	0.035668	0.0097891	0.091435	7.5422e-05	0.252004132930659
DropViz_GP_level2	Neuron_Gad1Gad2-Th_Adora2a-Th.3_9	6	15085	0.033688	0.091884	0.012132	0.0027495	1.7605e-07	0.379124709170356
DropViz_GP_level2	Neuron_Gad1Gad2_Drd1-Nefm.3_1	6	15085	0.003803	0.010275	0.011956	0.37521	9.2703e-06	0.0845884221889837
DropViz_GP_level2	Neuron_Gad1Gad2_Adora2a.3_3	7	15085	0.020653	0.056039	0.011856	0.040762	9.248e-06	0.27607423868067
DropViz_GP_level2	Neuron_Gad1Gad2_Drd1-Pdyn.3_2	7	15085	0.010591	0.029227	0.011505	0.17864	2.924e-05	0.164979610976007
DropViz_GP_level2	Neuron_Gad1Gad2_Drd1-Pdyn.3_2	8	15085	0.016428	0.045336	0.0093145	0.038901	2.924e-05	0.310990779925183
DropViz_GP_level2	Neuron_Gad1Gad2_Cadm2.3_4	8	15085	0.013102	0.036002	0.0081122	0.053154	3.8122e-05	0.288416998454379
DropViz_GP_level2	Neuron_Gad1Gad2_Adora2a-Pde1c.3_6	9	15085	0.016331	0.044837	0.010449	0.059051	2.4218e-05	0.266206575627977
DropViz_GP_level2	Neuron_Gad1Gad2_Drd1-Pdyn.3_2	9	15085	0.014784	0.040799	0.010238	0.074368	2.924e-05	0.248921099349499
DropViz_GP_level2	Neuron_Gad1Gad2_Drd1-Pdyn.3_2	10	15085	0.018221	0.050283	0.0084013	0.015057	2.924e-05	0.401908348858272
DropViz_GP_level2	Neuron_Gad1Gad2_Sphkap-Tmem255a.3_7	10	15085	0.015976	0.043702	0.0093595	0.043926	7.5422e-05	0.329236555240007
DropViz_GP_level2	Neuron_Gad1Gad2-Th_Adora2a-Th.3_9	11	15085	0.034737	0.094744	0.011067	0.00084983	1.7605e-07	0.454619850993784
DropViz_GP_level2	Neuron_Gad1Gad2_Drd1-Pdyn.3_2	11	15085	0.002509	0.006924	0.010252	0.40333	2.924e-05	0.0869734241885666
DropViz_GP_level2	Neuron_Gad1Gad2_Adora2a.3_3	12	15085	0.020822	0.056497	0.010597	0.024723	9.248e-06	0.319212176442195
DropViz_GP_level2	Neuron_Gad1Gad2_Cadm2.3_4	12	15085	0.0096931	0.026634	0.0089558	0.13956	3.8122e-05	0.193544476248111
DropViz_GP_level2	Neuron_Gad1Gad2_Adora2a.3_3	13	15085	0.020072	0.054462	0.012171	0.049576	9.248e-06	0.259185719387859
DropViz_GP_level2	Neuron_Gad1Gad2_Adora2a-Pde1c.3_6	13	15085	0.01137	0.031216	0.012055	0.17281	2.4218e-05	0.16517633655468
DropViz_GP_level2	Neuron_Gad1Gad2_Adora2a.3_3	14	15085	0.021646	0.058734	0.0087582	0.0067321	9.248e-06	0.431440221192773
DropViz_GP_level2	Neuron_Gad1Gad2_Sphkap-Tmem255a.3_7	14	15085	0.013822	0.037808	0.0094681	0.072183	7.5422e-05	0.27691074122639
DropViz_GP_level2	Neuron_Gad1Gad2-Th_Adora2a-Th.3_9	15	15085	0.033328	0.090901	0.011983	0.0027113	1.7605e-07	0.380024297936504
DropViz_GP_level2	Neuron_Gad1Gad2_Adora2a.3_3	15	15085	0.0041405	0.011235	0.011439	0.3587	9.248e-06	0.0884530896396495
DropViz_GP_level2	Neuron_Gad1Gad2_Adora2a-Pde1c.3_6	16	15085	0.017389	0.047742	0.0094265	0.032552	2.4218e-05	0.322241525358787
DropViz_GP_level2	Neuron_Gad1Gad2_Cadm2.3_4	16	15085	0.012828	0.035249	0.0080434	0.055385	3.8122e-05	0.284376057544688
DropViz_GP_level2	Neuron_Gad1Gad2_Cadm2.3_4	17	15085	0.015815	0.043456	0.0068499	0.010485	3.8122e-05	0.447954347246584
DropViz_GP_level2	Neuron_Gad1Gad2_Sphkap-Tmem255a.3_7	17	15085	0.017617	0.04819	0.0087621	0.022194	7.5422e-05	0.401155520651379
DropViz_GP_level2	Neuron_Gad1Gad2-Th_Adora2a-Th.3_9	18	15085	0.032236	0.087924	0.0098267	0.0005194	1.7605e-07	0.486277918839776
DropViz_GP_level2	Neuron_Gad1Gad2_Cadm2.3_4	18	15085	0.0054148	0.014879	0.0079279	0.24731	3.8122e-05	0.137312162286067
DropViz_GP_level2	Neuron_Gad1Gad2_Adora2a-Pde1c.3_6	19	15085	0.019103	0.052448	0.0085225	0.012505	2.4218e-05	0.412255916066297
DropViz_GP_level2	Neuron_Gad1Gad2_Sphkap-Tmem255a.3_7	19	15085	0.015778	0.04316	0.0093021	0.044938	7.5422e-05	0.326837021467632
DropViz_GP_level2	Neuron_Gad1Gad2-Th_Adora2a-Th.3_9	20	15085	0.034351	0.093691	0.011134	0.0010194	1.7605e-07	0.442921847826377
DropViz_GP_level2	Neuron_Gad1Gad2_Adora2a-Pde1c.3_6	20	15085	0.0030291	0.0083166	0.010527	0.38678	2.4218e-05	0.0893735591529876
DropViz_GP_level2	Neuron_Gad1Gad2-Th_Adora2a-Th.3_9	21	15085	0.033286	0.090787	0.0096564	0.00028422	1.7605e-07	0.52504504944181
DropViz_GP_level2	Neuron_Gad1Gad2_Sphkap-Tmem255a.3_7	21	15085	0.0054447	0.014894	0.0099653	0.29241	7.5422e-05	0.129534875906474
DropViz_STR_level2	Neuron_Gad1Gad2_Drd1-Lypd1.10_2	22	15085	NA	NA	NA	NA	3.0466e-06	NA
DropViz_STR_level2	Neuron_Gad1Gad2_Drd1-Fos.10_1	22	15085	NA	NA	NA	NA	2.6553e-05	NA
DropViz_STR_level2	Neuron_Gad1Gad2_Drd1-Nefm.10_4	23	15085	NA	NA	NA	NA	6.7884e-07	NA
DropViz_STR_level2	Neuron_Gad1Gad2_Drd1-Fos.10_1	23	15085	NA	NA	NA	NA	2.6553e-05	NA
DropViz_STR_level2	Neuron_Gad1Gad2_Drd1-Cxcl14.10_5	24	15085	0.03962	0.11148	0.01119	0.0002002	3.9633e-08	0.499670951331893
DropViz_STR_level2	Neuron_Gad1Gad2_Drd1-Fos.10_1	24	15085	-0.0024355	-0.0068237	0.011998	0.58043	2.6553e-05	0.0516293736125452
DropViz_STR_level2	Neuron_Gad1Gad2_Adora2a-Nefm.11_1	25	15085	NA	NA	NA	NA	2.2397e-06	NA
DropViz_STR_level2	Neuron_Gad1Gad2_Drd1-Fos.10_1	25	15085	NA	NA	NA	NA	2.6553e-05	NA
DropViz_STR_level2	Neuron_Gad1Gad2_Adora2a-Nnat.11_2	26	15085	0.030631	0.08508	0.016961	0.035472	5.212e-06	0.274487134943313
DropViz_STR_level2	Neuron_Gad1Gad2_Drd1-Fos.10_1	26	15085	0.0062367	0.017474	0.015446	0.34319	2.6553e-05	0.101502820265775
DropViz_STR_level2	Neuron_Gad1Gad2_Adora2a-Fos.11_3	27	15085	0.025999	0.073003	0.015415	0.045848	6.7832e-06	0.259004096245916
DropViz_STR_level2	Neuron_Gad1Gad2_Drd1-Fos.10_1	27	15085	0.0077385	0.021681	0.015501	0.30881	2.6553e-05	0.111521265938361
DropViz_STR_level2	Neuron_Gad1Gad2_Drd1-Otof-Sorcs1.13_2	28	15085	0.019898	0.055954	0.0089792	0.013355	8.7167e-06	0.370451886062935
DropViz_STR_level2	Neuron_Gad1Gad2_Drd1-Fos.10_1	28	15085	0.016496	0.046217	0.0098707	0.047353	2.6553e-05	0.289485442689869
DropViz_STR_level2	Neuron_Gad1Gad2_Drd1-Fos.10_1	29	15085	0.020962	0.058729	0.009942	0.017507	2.6553e-05	0.383923050737299
DropViz_STR_level2	Neuron_Gad1Gad2_Adora2a-Otof.13_4	29	15085	0.013088	0.037024	0.0088024	0.068542	8.6688e-05	0.286566093889716
DropViz_STR_level2	Neuron_Gad1Gad2_Drd1-Nefm.10_4	30	15085	NA	NA	NA	NA	6.7884e-07	NA
DropViz_STR_level2	Neuron_Gad1Gad2_Drd1-Lypd1.10_2	30	15085	NA	NA	NA	NA	3.0466e-06	NA
DropViz_STR_level2	Neuron_Gad1Gad2_Drd1-Cxcl14.10_5	31	15085	0.033988	0.095631	0.011629	0.0017377	3.9633e-08	0.372878469778166
DropViz_STR_level2	Neuron_Gad1Gad2_Drd1-Lypd1.10_2	31	15085	0.0055582	0.015482	0.013294	0.33794	3.0466e-06	0.0854141834711396
DropViz_STR_level2	Neuron_Gad1Gad2_Adora2a-Nefm.11_1	32	15085	NA	NA	NA	NA	2.2397e-06	NA
DropViz_STR_level2	Neuron_Gad1Gad2_Drd1-Lypd1.10_2	32	15085	NA	NA	NA	NA	3.0466e-06	NA
DropViz_STR_level2	Neuron_Gad1Gad2_Drd1-Lypd1.10_2	33	15085	NA	NA	NA	NA	3.0466e-06	NA
DropViz_STR_level2	Neuron_Gad1Gad2_Adora2a-Nnat.11_2	33	15085	NA	NA	NA	NA	5.212e-06	NA
DropViz_STR_level2	Neuron_Gad1Gad2_Drd1-Lypd1.10_2	34	15085	0.023888	0.06654	0.01512	0.057069	3.0466e-06	0.225445636080414
DropViz_STR_level2	Neuron_Gad1Gad2_Adora2a-Fos.11_3	34	15085	0.013865	0.038931	0.014103	0.16278	6.7832e-06	0.15253728998955
DropViz_STR_level2	Neuron_Gad1Gad2_Drd1-Lypd1.10_2	35	15085	0.024007	0.06687	0.011069	0.015057	3.0466e-06	0.330348183428902
DropViz_STR_level2	Neuron_Gad1Gad2_Drd1-Otof-Sorcs1.13_2	35	15085	0.015506	0.043604	0.0094443	0.050326	8.7167e-06	0.25658061829556
DropViz_STR_level2	Neuron_Gad1Gad2_Drd1-Lypd1.10_2	36	15085	0.029884	0.08324	0.011242	0.0039332	3.0466e-06	0.436035803799909
DropViz_STR_level2	Neuron_Gad1Gad2_Adora2a-Otof.13_4	36	15085	0.0078392	0.022177	0.0093358	0.20055	8.6688e-05	0.171779982236202
DropViz_STR_level2	Neuron_Gad1Gad2_Drd1-Cxcl14.10_5	37	15085	0.030642	0.086216	0.012542	0.0072872	3.9633e-08	0.288767327134154
DropViz_STR_level2	Neuron_Gad1Gad2_Drd1-Nefm.10_4	37	15085	0.0096585	0.026875	0.013892	0.24345	6.7884e-07	0.099475856922759
DropViz_STR_level2	Neuron_Gad1Gad2_Drd1-Nefm.10_4	38	15085	NA	NA	NA	NA	6.7884e-07	NA
DropViz_STR_level2	Neuron_Gad1Gad2_Adora2a-Nefm.11_1	38	15085	NA	NA	NA	NA	2.2397e-06	NA
DropViz_STR_level2	Neuron_Gad1Gad2_Drd1-Nefm.10_4	39	15085	NA	NA	NA	NA	6.7884e-07	NA
DropViz_STR_level2	Neuron_Gad1Gad2_Adora2a-Nnat.11_2	39	15085	NA	NA	NA	NA	5.212e-06	NA
DropViz_STR_level2	Neuron_Gad1Gad2_Drd1-Nefm.10_4	40	15085	NA	NA	NA	NA	6.7884e-07	NA
DropViz_STR_level2	Neuron_Gad1Gad2_Adora2a-Fos.11_3	40	15085	NA	NA	NA	NA	6.7832e-06	NA
DropViz_STR_level2	Neuron_Gad1Gad2_Drd1-Nefm.10_4	41	15085	0.027674	0.077003	0.010509	0.0042328	6.7884e-07	0.384773469958603
DropViz_STR_level2	Neuron_Gad1Gad2_Drd1-Otof-Sorcs1.13_2	41	15085	0.013232	0.03721	0.0092551	0.076413	8.7167e-06	0.220733294360706
DropViz_STR_level2	Neuron_Gad1Gad2_Drd1-Nefm.10_4	42	15085	0.032912	0.091578	0.010567	0.00092247	6.7884e-07	0.492044959684751
DropViz_STR_level2	Neuron_Gad1Gad2_Adora2a-Otof.13_4	42	15085	0.0061318	0.017347	0.009057	0.2492	8.6688e-05	0.148558805669323
DropViz_STR_level2	Neuron_Gad1Gad2_Drd1-Cxcl14.10_5	43	15085	0.03349	0.094229	0.011849	0.0023577	3.9633e-08	0.354975908054538
DropViz_STR_level2	Neuron_Gad1Gad2_Adora2a-Nefm.11_1	43	15085	0.0060642	0.016841	0.013232	0.32338	2.2397e-06	0.0867793483819176
DropViz_STR_level2	Neuron_Gad1Gad2_Drd1-Cxcl14.10_5	44	15085	0.033166	0.093318	0.010626	0.00090205	3.9633e-08	0.411347313464299
DropViz_STR_level2	Neuron_Gad1Gad2_Adora2a-Nnat.11_2	44	15085	0.0073778	0.020493	0.012511	0.2777	5.212e-06	0.105323601062866
DropViz_STR_level2	Neuron_Gad1Gad2_Drd1-Cxcl14.10_5	45	15085	0.033143	0.093253	0.010334	0.00067134	3.9633e-08	0.42867899052564
DropViz_STR_level2	Neuron_Gad1Gad2_Adora2a-Fos.11_3	45	15085	0.006871	0.019293	0.011019	0.26646	6.7832e-06	0.111127157047489
DropViz_STR_level2	Neuron_Gad1Gad2_Drd1-Cxcl14.10_5	46	15085	0.030669	0.086292	0.0087421	0.00022626	3.9633e-08	0.492491254154077
DropViz_STR_level2	Neuron_Gad1Gad2_Drd1-Otof-Sorcs1.13_2	46	15085	0.011846	0.033311	0.0085271	0.082401	8.7167e-06	0.214257501517592
DropViz_STR_level2	Neuron_Gad1Gad2_Drd1-Cxcl14.10_5	47	15085	0.034991	0.098452	0.0090382	5.4342e-05	3.9633e-08	0.576181733836339
DropViz_STR_level2	Neuron_Gad1Gad2_Adora2a-Otof.13_4	47	15085	0.0043441	0.012289	0.0085803	0.30633	8.6688e-05	0.126490714146518
DropViz_STR_level2	Neuron_Gad1Gad2_Adora2a-Nefm.11_1	48	15085	NA	NA	NA	NA	2.2397e-06	NA
DropViz_STR_level2	Neuron_Gad1Gad2_Adora2a-Nnat.11_2	48	15085	NA	NA	NA	NA	5.212e-06	NA
DropViz_STR_level2	Neuron_Gad1Gad2_Adora2a-Nefm.11_1	49	15085	NA	NA	NA	NA	2.2397e-06	NA
DropViz_STR_level2	Neuron_Gad1Gad2_Adora2a-Fos.11_3	49	15085	NA	NA	NA	NA	6.7832e-06	NA
DropViz_STR_level2	Neuron_Gad1Gad2_Adora2a-Nefm.11_1	50	15085	0.024445	0.067888	0.010521	0.010084	2.2397e-06	0.353351194109656
DropViz_STR_level2	Neuron_Gad1Gad2_Drd1-Otof-Sorcs1.13_2	50	15085	0.01538	0.04325	0.0091899	0.047117	8.7167e-06	0.262236107227061
DropViz_STR_level2	Neuron_Gad1Gad2_Adora2a-Nefm.11_1	51	15085	0.030025	0.083383	0.010885	0.0029072	2.2397e-06	0.448957579580925
DropViz_STR_level2	Neuron_Gad1Gad2_Adora2a-Otof.13_4	51	15085	0.0075133	0.021255	0.0092534	0.20842	8.6688e-05	0.167664631068034
DropViz_STR_level2	Neuron_Gad1Gad2_Adora2a-Nnat.11_2	52	15085	0.021327	0.059237	0.017459	0.11095	5.212e-06	0.180744556119735
DropViz_STR_level2	Neuron_Gad1Gad2_Adora2a-Fos.11_3	52	15085	0.015726	0.044156	0.015811	0.15998	6.7832e-06	0.153995209381497
DropViz_STR_level2	Neuron_Gad1Gad2_Adora2a-Nnat.11_2	53	15085	0.02296	0.063775	0.011338	0.02144	5.212e-06	0.315876700938992
DropViz_STR_level2	Neuron_Gad1Gad2_Drd1-Otof-Sorcs1.13_2	53	15085	0.01659	0.046651	0.0093927	0.038691	8.7167e-06	0.279147891938839
DropViz_STR_level2	Neuron_Gad1Gad2_Adora2a-Nnat.11_2	54	15085	0.029394	0.081646	0.011968	0.0070277	5.212e-06	0.407569294380772
DropViz_STR_level2	Neuron_Gad1Gad2_Adora2a-Otof.13_4	54	15085	0.0080683	0.022825	0.0096494	0.20154	8.6688e-05	0.171253501115289
DropViz_STR_level2	Neuron_Gad1Gad2_Adora2a-Fos.11_3	55	15085	0.020602	0.057848	0.009591	0.015864	6.7832e-06	0.348179265865943
DropViz_STR_level2	Neuron_Gad1Gad2_Drd1-Otof-Sorcs1.13_2	55	15085	0.017842	0.050173	0.0087734	0.021003	8.7167e-06	0.331588027574768
DropViz_STR_level2	Neuron_Gad1Gad2_Adora2a-Fos.11_3	56	15085	0.02477	0.069551	0.0097197	0.0054159	6.7832e-06	0.438483253571171
DropViz_STR_level2	Neuron_Gad1Gad2_Adora2a-Otof.13_4	56	15085	0.011162	0.031576	0.0086535	0.098563	8.6688e-05	0.247729179017665
DropViz_STR_level2	Neuron_Gad1Gad2_Drd1-Otof-Sorcs1.13_2	57	15085	0.022356	0.062867	0.0094709	0.0091328	8.7167e-06	0.403070745812997
DropViz_STR_level2	Neuron_Gad1Gad2_Adora2a-Otof.13_4	57	15085	0.01018	0.028798	0.0092179	0.13473	8.6688e-05	0.214309921207103
